0.12465753055728675 0.10065810318951642 0.10710203424371843
0.15629627023341927 0.10850720637903283 0.12139506848743686
0.20388063211203333 0.12420541275806564 0.14998040206793975
0.26185765239731273 0.155442872381226 0.19570186877462054
0.32700078042422653 0.20278371906604872 0.25226372810490155
0.39645970395199664 0.26057819332278065 0.31649807479296443
0.46830656281566485 0.3256051958627798 0.38543477519551145
0.5414124448747847 0.3949977759583636 0.45700053275930086
0.6151651840252335 0.466809040094598 0.5299604141880634
0.6892458332985556 0.5398964667787123 0.6036387284304737
0.763491576852545 0.6136398065989787 0.677681800958694
0.16449396215719977 0.14125955297306436 0.15525215098887965
0.21429589114948253 0.18369539014409728 0.20253823454602482
0.2739025188149292 0.23793429638387187 0.26029155685926486
0.3400681671737592 0.3006333123689878 0.32529233618667935
0.41010643163136856 0.3686717212155589 0.3946699191323139
0.48226268916396786 0.4397489899207439 0.4664731322786886
0.5555285995617 0.5124537688436815 0.5395563833469174
0.6293627390614277 0.5860016751566595 0.6132975961859235
0.7034844420891431 0.6599788107783168 0.6873724284503611
0.7777508018137936 0.7341725197424325 0.7616152498896108
0.8520897102320997 0.8084750104647052 0.8359423633071432
0.11459627905561992 0.10049335397213253 0.11279346095677578
0.13638355811123987 0.10817770794426507 0.13277792191355156
0.17634730404597035 0.12354641588853012 0.1705706936860085
0.22900236191109152 0.15418670052330813 0.22188407905593283
0.2906222742179696 0.2011645370818029 0.28256861207336226
0.35801698136941895 0.25868553839817165 0.3493969085552945
0.4287402978551006 0.3235379667737678 0.4198060363728491
0.5012591248251436 0.39283059872170784 0.49215901556364644
0.5747116771688054 0.4645881745827378 0.5655263119748584
0.6486405234757875 0.5376477470517919 0.6394119280745401
0.7228099323992325 0.6113768960895123 0.7135595688450651
0.10919639941909653 0.12985365488241601 0.16100571967821767
0.1255837988381931 0.16564612535287898 0.20989025453117244
0.15802374916587403 0.2157429097434248 0.26882979529640216
0.2060935065137402 0.2755618638578117 0.33457992114016566
0.264432242097285 0.3418588926833729 0.40438380031379856
0.3298045216889098 0.4119709708058641 0.47641519212247313
0.3993940311855501 0.48416646520079093 0.5496166032038516
0.4713108536919335 0.5574526198990826 0.6234179563668346
0.5444529838681997 0.6312970438713058 0.6975231294437249
0.6182241771027139 0.7054239304771022 0.7717811896639227
0.6923141376826727 0.7796928924233268 0.846115939655628
0.12254461807933839 0.15241335785008706 0.16933734945309023
0.15224847735236183 0.19886930027074443 0.22035253543875216
0.19865532558928084 0.2559942768861313 0.28082645716244936
0.25574287378940436 0.32059260256247923 0.34752612182027187
0.3203171044185793 0.3897392964551689 0.417863537337785
0.38944993161659885 0.46141834186805747 0.4901785583372628
0.4611215067018425 0.5344371335291395 0.563526313844513
0.5341364166653998 0.6081454960927839 0.6374020141654348
0.6078428000591323 0.682203744579604 0.7115446600828313
0.6819000491592957 0.7564382340223613 0.7858215322432853
0.7561340364299363 0.8307611713580866 0.8601657071740874
0.09468605643439247 0.09866118953801169 0.10064026900930813
0.09656311286878495 0.10451337907602337 0.10847153801861627
0.1003172257375699 0.11621775815204674 0.12413407603723253
0.1078254514751398 0.13962651630409348 0.15530759847878056
0.1228419029502796 0.18129000374555398 0.2026096159636321
0.15282730807704387 0.23502486402656955 0.2603749156754136
0.19940607655597195 0.29738336230937756 0.3253833290468107
0.25662456129007394 0.3652197612229274 0.3947652785239615
0.3212830237836557 0.4361863046210322 0.46657083595415993
0.39046430502134566 0.508833013492131 0.5396553029255345
0.46216197701446493 0.5823511689919175 0.613397135135931
0.11882852378953677 0.15077715253859925 0.15965500409166114
0.14484804757907355 0.19674153848278597 0.20817404435331333
0.1887990369401115 0.2534903963005507 0.2668450541789669
0.24406339180276557 0.31784596099050866 0.33242672659309436
0.30744697630192835 0.38685272146925964 0.4021351804014037
0.3758884296216441 0.45845631316137453 0.4741156157277362
0.44718565367620944 0.5314358790313078 0.5472906725560708
0.5200055181398937 0.605124236479767 0.6210786207536717
0.5936123139515832 0.6791723820585642 0.6951770332357851
0.6676192402375466 0.753401794665552 0.7694316984833995
0.7418279322006518 0.8277221872007217 0.8437647473014179
0.0977418713740378 0.09657839156194889 0.09462507875042155
0.10267474274807559 0.10034778312389778 0.09644115750084309
0.11254048549615119 0.10788656624779554 0.10007331500168617
0.13227197099230237 0.12296413249559107 0.10733763000337235
0.16973465476195937 0.1530643935907561 0.1218662600067447
0.22084636663556537 0.19971323337214772 0.15091587113790206
0.2813885716559223 0.25698497942705345 0.19692231083583392
0.34812998519544364 0.3216776568243327 0.2537034655591619
0.4184906904047725 0.39087860295194143 0.3180799308544755
0.49081804317312916 0.4625868611084484 0.3870987585952854
0.5641721482316318 0.5356208282217216 0.45870886306191283
0.10103287287183275 0.09752856013678199 0.1019970210893118
0.1092567457436655 0.10224812027356397 0.11118504217862361
0.125704491487331 0.11168724054712795 0.12956108435724722
0.15824680622716744 0.13056548109425586 0.1651407632145114
0.20637851369295507 0.16686583038853686 0.2151087071939493
0.2647632094203604 0.21727046067898012 0.27483500623717855
0.330164515224022 0.2773100290446382 0.34107475494347733
0.3997705346127955 0.34374312197761775 0.4111546686451051
0.4716961932713729 0.41393149665775975 0.4833330705948658
0.5448428989022875 0.48616750434144484 0.5566104078068488
0.6186164208536324 0.5594745501482967 0.6304503526953323
0.11845296019575588 0.11524457441001548 0.13380906678144708
0.14409692039151178 0.13768014882003093 0.17225467435924502
0.18775065813600594 0.17835086672315384 0.22396841681388416
0.2428091143612997 0.23145094666542157 0.2849341494263381
0.3060561181267515 0.29337677109399285 0.3519335578785606
0.37441748420441556 0.3609550102660054 0.4224378735931366
0.4456711034129677 0.4317795810244262 0.4948411770474732
0.5184681813814573 0.5043516983738527 0.5682343642962892
0.5920633248741257 0.5778316029448012 0.6421331141766402
0.6660643585079377 0.6517743076216105 0.7162873697293395
0.7402700873000454 0.7259506920040593 0.7905700681038237
0.09533014868923995 0.09997438713452794 0.10939958111377515
0.09785129737847988 0.10713977426905588 0.12599016222755027
0.10289359475695975 0.12147054853811176 0.15877292666389298
0.11297818951391951 0.15013080401973644 0.20705010522746134
0.13314737902783902 0.19589830675125144 0.26554254307399305
0.1711771017552999 0.25249566201944706 0.3310118142059428
0.2226355538345675 0.3167530450060322 0.4006564643831637
0.28342218397011 0.3857030692521556 0.47260279022606133
0.3503126906628698 0.4572760249408463 0.5457601953156598
0.42075645272736384 0.5302396522416869 0.6195391622635921
0.4931277503654627 0.6039198778811525 0.6936330444755843
0.12681804257635731 0.1473158862436247 0.16958930048801799
0.16028323176260184 0.19217315154601913 0.2206657498297747
0.20897299320299548 0.24808411385446294 0.2811830219639766
0.26776963024407296 0.311893801214309 0.34790919632317596
0.3334301958304409 0.3805840744064711 0.4182614019623544
0.4031833701838408 0.4520164526992597 0.4905842547273419
0.475187694621904 0.5249068549952072 0.5639360428900744
0.5483751090559044 0.5985496980201138 0.6378137897526339
0.6221693435089969 0.6725748475157394 0.7119574666267046
0.6962709265286351 0.7467927016304785 0.7862348562038179
0.7705271839672754 0.8211072997140508 0.8605792903296576
0.09448600715507059 0.09836313875886439 0.10403071179652842
0.0961630143101412 0.10391727751772876 0.11525242359305686
0.09951702862028239 0.11502555503545753 0.13769584718611372
0.10622505724056476 0.13724211007091508 0.17837489704004664
0.11964111448112952 0.17767815935895218 0.23148025316727414
0.14647322896225903 0.23062995085744595 0.29340969167827186
0.19103292456421989 0.29245407808387114 0.36099009412371813
0.2467280791526159 0.3599713968206362 0.4318158567553511
0.31039602606107636 0.43076238766507 0.5043886009339771
0.37900370442803727 0.5033168403223247 0.577868827113829
0.4503912723629643 0.5767876804548581 0.6518116947064266
0.1348391167306562 0.14765609929024737 0.16937483571741604
0.17391089996581063 0.1926300948949453 0.2203991480289964
0.22601090470527857 0.24862677989552737 0.28087953028762747
0.287246252407483 0.3124926382821662 0.3475831467944841
0.35440904847480065 0.3812155956751704 0.41792276746303225
0.4250040350887354 0.4526656915226333 0.49023895625372826
0.49745521136722903 0.5255653307053257 0.5635873130967927
0.570873011184619 0.599212891441737 0.6374633185983669
0.6447842419858766 0.673240425234703 0.7116061182540807
0.718944782382755 0.7474594779386878 0.7858830675732134
0.7932306343674442 0.8217746769371845 0.860227281156053
0.1067896925455346 0.1318433359721688 0.1398151152639861
0.12077038509106919 0.16902124313284622 0.18157056979577715
0.14873177018213837 0.21995931270804617 0.2353649289837534
0.1940621737362414 0.28037860617667504 0.29776376251364445
0.2503247297490298 0.3470448399105335 0.3656241434012551
0.31436433275641557 0.41736359574788606 0.4366038486361778
0.38318821580691703 0.48966873359211593 0.5092574650350847
0.45469296929179104 0.5630113995263747 0.5827791607183486
0.5276210891317078 0.6368845167627127 0.6567430291480802
0.6012831924165107 0.7110258613947638 0.7309300634625286
0.6753180749160528 0.7853020804553175 0.8052292065223552
0.12286509750245966 0.14788214209787437 0.1345312014300382
0.1528723382252946 0.19293262323392088 0.1734184724068365
0.19946443092229657 0.24898582475341405 0.22540440047689653
0.2566930481302939 0.31288867582071644 0.28656029278044326
0.3213580218406803 0.3816331433540191 0.35367500708208194
0.3905430461367065 0.45309489494864735 0.42424333330827074
0.4622427333532876 0.5260006094850528 0.49668043972834786
0.535272248680351 0.5996512728553955 0.5700910076178913
0.6089860783823307 0.6736803746111791 0.6439985715890235
0.6830470873698569 0.7479002155102243 0.7181572656450981
0.7572829638733682 0.8222158096662755 0.7924421912013395
0.19234687132260833 0.19282950099635046 0.19580742388579275
0.24829047457349748 0.24886345907154964 0.2523883663395577
0.3121215591337211 0.31275371803042906 0.31663509923202104
0.3808242858916386 0.38149086494421663 0.38557896418708887
0.45226341603356934 0.45294865010281116 0.4571485925275265
0.5251573386184543 0.5258522973166568 0.5301104883386453
0.5988019796924341 0.5995019049518866 0.6037898304675714
0.6728280379276848 0.6735304731836766 0.6778334222373381
0.7470463488716841 0.7477500458889055 0.7520605462644521
0.8213611759886348 0.8220655055878502 0.8263797915733686
0.895724359125167 0.896429005442063 0.9007451867274755
0.2073275388702497 0.18950212260824065 0.1883931424511889
0.26586425713599915 0.24490322098912728 0.24357806602691182
0.33136142878218444 0.30837727252513175 0.30690901221662564
0.4010219262218743 0.37687168436948754 0.37531961899904276
0.4729767269309426 0.44819771500447914 0.4466000540860615
0.5461385185785814 0.5210326251365754 0.5194111468416228
0.6199197176264858 0.594647112795823 0.593013457511685
0.694014725794708 0.6686579283705838 0.6670181157468836
0.7682676813740629 0.7428685759622269 0.7412256672300201
0.8425998734704481 0.817179560829822 0.8155350996548422
0.9169717497928936 0.8915408201898672 0.8898955816927406
0.17859349431800658 0.1958494757410715 0.19194945151915144
0.2317467803913185 0.2524380145070224 0.24781828934304775
0.29370903626456396 0.31668967689636346 0.3116003468060231
0.3613090768000117 0.3856363928574879 0.38027453307724723
0.432145657494419 0.45720756139387797 0.4516981878658874
0.5047240906161355 0.5301702587042711 0.5245840413897542
0.5782072355070491 0.6038500098091674 0.5982245609179352
0.6521515815826656 0.6778938081729238 0.6722485360771129
0.7263287920556083 0.7521210360298707 0.7464657998367523
0.8006230074110916 0.8264403333877155 0.8207801019410063
0.874975869231486 0.9008057545998905 0.8951430222149364
0.20859722344763384 0.19017987174690462 0.18411582323042322
0.26733490897352863 0.24571177778795145 0.238441438220299
0.3329584720618264 0.3092721903771969 0.30119876253669825
0.4026906779844196 0.37781709119238804 0.3692716602111103
0.474683803270728 0.44917056468438044 0.4403678006606448
0.5478654250117267 0.5220198024976712 0.5130824677951334
0.6216567128852487 0.5956416134312896 0.586635437674295
0.6957568098019906 0.6696561315404471 0.6606151357894268
0.770012320953356 0.7438686407570698 0.7348101337867458
0.8443457936495689 0.8181805590435185 0.8091132709860526
0.9187183109771916 0.8925422857667112 0.8834706007746558
0.1913865786470005 0.19210756003805815 0.1706077187899716
0.24714896029685893 0.24800618175282607 0.22192999055666765
0.31086111193652355 0.31180777664539777 0.282620784531015
0.3794945677549422 0.3804933388486157 0.3494528987046902
0.45089612649833255 0.45192316270767324 0.419864152843096
0.5237704557738938 0.5248122330814138 0.49221825692955
0.5974050880908912 0.5984543957805575 0.5655861322781884
0.6714260875778331 0.6724792014314396 0.6394720421106771
0.7456418553826218 0.7466968826916972 0.7136198308319948
0.8199554074668342 0.821011394113526 0.7878992839892632
0.8943179522184616 0.8953744191885097 0.862244751827635
0.17390459537423356 0.13474913678149916 0.11882913421111191
0.2260031436489431 0.17376723472064032 0.14484926842222381
0.2872374778130449 0.22583402426132335 0.18880073261396532
0.354399660905893 0.2870462520656664 0.24406541855798197
0.42499430775440356 0.3541950632131475 0.3074492223259283
0.4974453047573281 0.4247822973798628 0.3758908040890222
0.5708630124358384 0.4972293829016382 0.44718809803640275
0.6447741965219328 0.5706450802120357 0.520007999012522
0.7189347133971531 0.6445552450100679 0.5936148134925585
0.7932205535796573 0.7187152486574002 0.6676217492184514
0.8675692206918727 0.793000831322637 0.7418304459283105
0.1744007451310528 0.1438186102234621 0.13810575260038546
0.2266135910020007 0.18735959496304294 0.1790004644599934
0.2879273927972615 0.24234062900305783 0.23224266711388375
0.3551376086974609 0.3055361626909811 0.2942657383481917
0.42575887049888733 0.37386730614190655 0.36190214577588636
0.4982239081269875 0.44510445706978924 0.4327587518505039
0.5716488312953066 0.5178929255755547 0.5053477135005774
0.6455636735106491 0.5914836654783197 0.5788362594334813
0.7197260322522896 0.6654824719378294 0.6527833412655834
0.7940127965946173 0.73968708071246 0.7269619285600253
0.8683619265966971 0.8139950375496319 0.8012568345791451
0.10594173293312992 0.13086376168190494 0.1237582208732275
0.11907446586625982 0.16737283869962755 0.15459204578597266
0.14533993173251963 0.2179041525340072 0.20168761850503164
0.18948007350391582 0.27803419247478217 0.2592974938625622
0.24487689976720353 0.34452295333590294 0.3242067358070069
0.30834812784369675 0.41474249976752003 0.3935319230275725
0.3768408879316151 0.4869950468977428 0.46530699475906423
0.4481660204316441 0.5603106180121076 0.5383756466502461
0.5210004615609302 0.6341699808469744 0.6121094219577039
0.5946147094748961 0.7083043956055695 0.6861805002078959
0.6686254038317174 0.7825771364433936 0.7604214357303029
0.1130238599368451 0.10220596531830368 0.09779726115195718
0.13323871987369018 0.11160293063660735 0.10278552230391434
0.1713264973248823 0.1303968612732147 0.11276204460782868
0.22282053266932755 0.1665781525373067 0.1327150892156574
0.28363217023126414 0.21691056888587473 0.17046722162348774
0.35053790003639523 0.2768984833904454 0.2217557524968364
0.420990132496777 0.34329975925715484 0.2824227694580631
0.49336590884872744 0.41347030635914084 0.3492403834154773
0.5667449362255415 0.48569685158790543 0.41964356081461857
0.6406365037450727 0.558999019048631 0.49199339185171737
0.7147871420779228 0.6328515757238702 0.5653590679891449
0.17760370661775862 0.12846583303602313 0.10590508599623312
0.2305390162743509 0.1632275085020419 0.11900117199246624
0.2923518255106704 0.21270070823824241 0.14519334398493247
0.35986235863824273 0.2720694298828211 0.1892775674586326
0.4306496073613384 0.33808736910023274 0.24463510819145684
0.5032020909558044 0.4080424772151569 0.3080803635534927
0.5766719205460629 0.48015448209908196 0.37655792607274935
0.6506095212187459 0.5533975468313524 0.44787479396353136
0.7247833367139678 0.6272200768046918 0.5207049190635632
0.7990758489685659 0.7013359275033746 0.5943169606314769
0.8734278578300967 0.7755993490582078 0.6683265394155202
0.09523041650711672 0.09812538317870813 0.11280925718863771
0.09765183301423344 0.10344176635741625 0.13280951437727542
0.10249466602846688 0.11407453271483252 0.1706226820859093
0.11218033205693376 0.13534006542966504 0.2219485441157548
0.1315516641138675 0.1747072369548211 0.28264186737807684
0.16853306537900603 0.2269903651464583 0.3494755237130523
0.2193514838588853 0.28835296094615825 0.41988763674801144
0.2796858851978218 0.3555926412709815 0.4922421952101361
0.3463001129242805 0.426230220139468 0.5656103044045976
0.4165898232760119 0.498703863150373 0.639496332881684
0.4888795718623004 0.5721332079265209 0.7136441813631345
0.2187282165704745 0.21667115669903791 0.21349956872990875
0.2789749986435933 0.27662459944559514 0.2729879404318548
0.3455354800729296 0.3430046280823783 0.3390802333159424
0.41579514992847805 0.41316326545152837 0.4090772229326389
0.4880689753646015 0.48538348793665054 0.4812115221264691
0.5613955115187008 0.5586823953587032 0.5544660981996944
0.6352604412715721 0.6325332964450356 0.6282944783793585
0.7093976609686234 0.7066634472615012 0.7024132782692932
0.7836718096939463 0.7809340477858129 0.7766781804997112
0.8580146203144754 0.8552750808500196 0.8510163586825057
0.9323918114000729 0.9296513822915377 0.9253912312463334
0.09327368406227834 0.09319837002153114 0.092977394583983
0.09373836812455669 0.09358774004306228 0.09314578916796601
0.09466773624911336 0.09436648008612454 0.09348257833593203
0.09652647249822673 0.09592396017224908 0.09415615667186404
0.10024394499645345 0.09903892034449815 0.09550331334372808
0.10767888999290688 0.10526884068899632 0.09819762668745617
0.12254877998581377 0.11772868137799264 0.10358625337491234
0.1522566024015123 0.14264836275598525 0.11436350674982468
0.19866587221492932 0.1856994711558632 0.13591801349964933
0.2557552672835163 0.24034804397072287 0.17561869718247147
0.32033068718309243 0.3033218539298045 0.22810938382761772
0.19657858844291334 0.16888387122734186 0.15278260836545887
0.25329827850922904 0.21978833976805173 0.1993481432354908
0.31763495868994185 0.28018380972348556 0.2565565622081827
0.38663081274094047 0.3468354555609015 0.3212085553553524
0.458228517197994 0.4171460662342233 0.3903861172503355
0.5312050207343948 0.48944688914408213 0.4620817866811672
0.6048918159311911 0.5627873327745191 0.535109214965636
0.6789391724282465 0.6366593220786184 0.608821980716385
0.753168188481711 0.7108000984753697 0.6828824525037712
0.8274883822339588 0.7850760323415407 0.7571180590860916
0.901854252219092 0.8594197372378118 0.8314415563718309
0.19571298849495247 0.15937785419763503 0.1443047057841187
0.25227685918422094 0.20782117379421153 0.18804169851775407
0.3165125115479695 0.2664363525095517 0.2431575557125162
0.38544996725405956 0.33198291502481214 0.3064426796360731
0.4570161329027551 0.4016714502432963 0.37482641460616317
0.5299762267072929 0.4736412404118824 0.4460922179916773
0.6036546493208684 0.5468107892593501 0.5188956644393727
0.6776977765936283 0.6205959352213959 0.592494064954554
0.7519246671731321 0.6946929342772208 0.6664967457824276
0.8262437954566597 0.7689468897029799 0.7407033029049017
0.9006091320224486 0.8432795828289015 0.8150122367256929
0.09441477997784165 0.0980236686750212 0.09670447221921559
0.09602055995568329 0.1032383373500424 0.10059994443843118
0.09923211991136659 0.11366767470008479 0.10839088887686235
0.10565523982273317 0.1345263494001696 0.12397277775372469
0.11850147964546633 0.17341069478703164 0.15500110299007347
0.14419395929093265 0.22539481590342506 0.20221491020135923
0.18788667657073685 0.2865494484950155 0.2599138638738284
0.2429719824698776 0.35366340003244506 0.32487997267714114
0.3062368214075118 0.42423130317138147 0.3942377185823798
0.37460865472556043 0.49666818626668663 0.4660302798622481
0.4458679758538599 0.5700786393554 0.5391080056487138
0.1692881362781429 0.13835170952693698 0.13436934443958837
0.22029133491136985 0.1793740833540675 0.17315871718730302
0.280756769351317 0.23269755517920374 0.2250842096397699
0.34745124183416265 0.29477613712948475 0.28619794991213254
0.41778575990046424 0.362445710609755 0.35328713306371756
0.49009924642859415 0.43332057035838095 0.42384129522505176
0.5634462117687693 0.5059191264358107 0.49627092447378607
0.6373215110723995 0.5794125935272827 0.569677648502305
0.7114639549716536 0.6533621678629504 0.6435832633553733
0.7857407257423434 0.7275420095113145 0.7177409759430897
0.8600848498826716 0.8018375447483101 0.7920254090235161
0.10423608095553408 0.10868314457338284 0.13034266727411853
0.11566316191106815 0.12455728914676567 0.1664855296390833
0.13851732382213633 0.15610764337074345 0.21679464387301176
0.17962492785793718 0.20363839494446184 0.2767658778994511
0.23300277026583718 0.26157528955415155 0.34315687385862265
0.2951184504552229 0.32669291958246716 0.413321659212207
0.36281017379813496 0.39613728555649264 0.48554514572742774
0.43369721934776034 0.4679763368628915 0.5588457361362822
0.506302179094834 0.5410781716067934 0.6326974919257082
0.5797989303762121 0.6148288496666823 0.7068280734567836
0.6537501680160944 0.6889084588339055 0.7810988901868953
0.1099294673446575 0.12915593787996127 0.11255893133172701
0.127049934689315 0.16443699512439017 0.132308862663454
0.16070249173178683 0.21422424200223997 0.16979583552090943
0.2095054828499184 0.27382027077283283 0.22092237194184813
0.2683852503107663 0.33997934986034634 0.28147505470090656
0.3340979387740204 0.41001391978994745 0.3482228706170135
0.40388063071557695 0.4821682123495884 0.4185871461565197
0.47590071468933015 0.5554331086224753 0.49091638903416857
0.5490962790944277 0.6292667328514269 0.5642714672005628
0.622894658801856 0.7033881761528049 0.6381508836288335
0.6969983323702945 0.7776544054865935 0.7122954015339796
0.18353939848819484 0.1806000807018983 0.17724183279746455
0.23774602916636858 0.23418782627872464 0.23009683409381082
0.30042332093873125 0.2964464319422472 0.2918544540617119
0.36844887249293773 0.3642233761778734 0.35933188250977843
0.439519103489124 0.43515726988748477 0.4301008694318544
0.5122201941915477 0.5077868381400142 0.5026437423657921
0.5857662116559414 0.5812962073970924 0.5761086392685442
0.6597423913508771 0.6552538347986134 0.6500437407693043
0.7339356194350813 0.7294377288580132 0.7242162983437925
0.8082378689830647 0.803735296818616 0.7985081795380979
0.88259475426992 0.8780898376547517 0.872859872342455
0.10472803306439411 0.10472113130421323 0.10455296637735856
0.11664706612878821 0.11663326260842648 0.11629693275471711
0.14048513225757642 0.14045752521685295 0.1397848655094342
0.1825614210962758 0.18252077469994485 0.1815256186036488
0.23656440685530566 0.23651524800215304 0.2353104577841911
0.2991043757903459 0.2990494672712649 0.29770284007129844
0.3670485580474136 0.36699023900304484 0.3655593862332364
0.4380742195868483 0.4380140313093783 0.43653698719190465
0.5107519444154311 0.5106907758552872 0.5091894993220437
0.5842859932331241 0.5842243224589782 0.5827106290786345
0.6582561151309818 0.6581941901445802 0.6566742109960493
0.16504998495624174 0.14113292905909558 0.12976302266268344
0.21499470454628175 0.1835107944328988 0.16548982892875136
0.27470428151276255 0.23771150062517515 0.21554684732355409
0.3409336839693705 0.3003848035247321 0.27533722427206564
0.41100778509850916 0.36840799384806217 0.34161659499200403
0.4831830973613046 0.43947693223317447 0.41171876044159805
0.5564588404681479 0.5121773454826665 0.48390898799435633
0.6302979755280359 0.5857230159923836 0.5571924259115796
0.7044221965104189 0.6596990200943942 0.6310354698795608
0.778689820303642 0.7338921598456988 0.7051616609792377
0.8530293620350529 0.8081943650921661 0.7794302737835808
0.16648787262517836 0.14516774249513137 0.13549033569724886
0.21679757661898028 0.18924216064406543 0.17494496803088475
0.2767692328930372 0.24459282347404385 0.22728244129760358
0.34316048910840247 0.30803353004628353 0.288682729474821
0.41332542034266784 0.37650843030531744 0.35594515577099023
0.4855489843040127 0.44782385024303156 0.4265953263444186
0.5588496146444016 0.5206532191260465 0.4990756086710791
0.6327013907127703 0.5942648741034393 0.5725083644861114
0.7068319824630476 0.6682742574160143 0.6464271772992507
0.7811028043228758 0.7424841848439514 0.7205915351282899
0.8554439482729924 0.8167948086149106 0.7948793024894059
0.11886881909390468 0.14797140599356665 0.14189102752728827
0.14492863818780932 0.1930518567127307 0.1846112615716473
0.1889109147613229 0.24912728084189625 0.23903853002583927
0.24419710044511878 0.3130446688143261 0.3018641122317386
0.30759514066870064 0.38179758591675306 0.3699773459516447
0.3760450609796382 0.4532639151130794 0.4410955457549265
0.44734689209432443 0.5261720153696476 0.5138217679525587
0.5201691632370313 0.599823897035423 0.5873806540676059
0.5937771895327736 0.6738536144565127 0.6613633459518996
0.6677847380261652 0.7480737648379842 0.7355598498721772
0.7419937428573788 0.8223895141502728 0.8098637423084913
0.11456931046129173 0.12111088052245772 0.13293906960656626
0.13632962092258347 0.14941276104491547 0.1708356145946073
0.17626314175645505 0.1949590240116868 0.22221250004993146
0.22889928265376422 0.2513859570178115 0.28294175299232877
0.2905061437711521 0.315532623933335 0.34979731011128756
0.3578930022276123 0.3844185703901162 0.42022161857005425
0.42861198260997185 0.45595689583674 0.49258262808701103
0.5011285257642987 0.5289024982127131 0.5659540571747661
0.5745799054400293 0.6025735253936105 0.6398417699991377
0.6485081574802631 0.6766129166149962 0.7139904668592626
0.7226772672557642 0.7508379294689361 0.7882703757609456
0.15924164585751904 0.1106362484760296 0.1098200972542718
0.2076476603673315 0.12846349695205922 0.1268311945085436
0.2662353077561254 0.16322339102165986 0.16030705425086964
0.3317645459939623 0.21269551400660971 0.2090032645014593
0.4014432490198487 0.27206345432516044 0.26780464018392214
0.473407783419893 0.33808090756442716 0.33346817866976664
0.5465746125400748 0.40803574179120367 0.40322303720287045
0.6203583747360291 0.4801476008354549 0.4752282610087353
0.6944546758102966 0.5533905902536074 0.5484161405954806
0.7687082807049477 0.627213081948262 0.6222106116482526
0.8430407981782484 0.7013289133491947 0.6963123139939157
0.14439768655519364 0.09992405197853689 0.0986242113468037
0.18817167951752664 0.10703910395707379 0.1044394226936074
0.24331311233945027 0.12126920791414757 0.11606984538721479
0.30661521019567944 0.14972914204962112 0.13933069077442958
0.3750089014075764 0.1953735132070709 0.18084844146487825
0.4462801266263192 0.2518758678231879 0.23448927807099573
0.5190864066278363 0.31607156870742825 0.29678395967955906
0.5926862562096602 0.38498590682777833 0.3645823859902851
0.6666896698587482 0.45653958021218555 0.4355280798687001
0.740896595491507 0.5294931722291764 0.5081638439581608
0.8152057140958726 0.6031682769621521 0.5816763894322687
0.15164108757619163 0.1497084803087381 0.14762111474760034
0.19786623467136666 0.1953465012054747 0.19258319644283903
0.25481499473347735 0.25184395111885627 0.24857110322087975
0.3192997579550197 0.3160364650288135 0.31243121296223303
0.3883810537433281 0.384948958448444 0.38115082663697525
0.4600248545813539 0.45650163481627115 0.4525991102930315
0.533025329016711 0.5294547078713591 0.5254978048126097
0.606724351186787 0.6031295477635269 0.5991448830933905
0.6807778829758064 0.6771708651525312 0.6731721730640039
0.7550100023091386 0.7513968461034344 0.7473911032000242
0.8293317516329001 0.8257155183938951 0.8217062407493088
0.11333223832329695 0.11308358094918208 0.11270855856736779
0.1338554766465939 0.13335816189836416 0.13260811713473558
0.1723298494327905 0.17152154155646296 0.1702908316490402
0.22406128385663868 0.2230619406711332 0.22153692422079033
0.28503940169045466 0.2839061408830808 0.28217401705914547
0.3520463300801023 0.35083168444722035 0.3489733746859155
0.4225548236482971 0.4212949388169333 0.4193663807433349
0.4949603343024796 0.49367654218430895 0.49171082986918246
0.5683546566912319 0.5670585674219525 0.5650737359085409
0.6422539822907178 0.6409516556759485 0.6389571244078273
0.7164085277744847 0.7151030599197763 0.7131036431345903
0.12685931495960379 0.11233359133935984 0.10474122958172657
0.16035797193711981 0.13185818267871968 0.11667345916345315
0.20906795964408845 0.16904603312309885 0.1405379183269063
0.26787945746611896 0.21999016060840934 0.18263909625964733
0.333549345601951 0.28041374784813644 0.23665833846529571
0.40330780103578373 0.3470826102398058 0.29920928555576426
0.47531494554799486 0.4174028336070274 0.3671599789093447
0.5485038185036641 0.4897087488280382 0.4381892087807773
0.6222987948277972 0.5630518151172428 0.5108688048789132
0.6964007519992896 0.6369251355503401 0.5844038123577362
0.7706571973260867 0.7110665825489084 0.658374419508712
0.1691411991785731 0.14368841726588316 0.13689254207435386
0.22010856615691501 0.18717616614326238 0.17713827801967513
0.2805486214193485 0.2421207685837878 0.22997023711056902
0.34722756400574156 0.3052920612415717 0.29171200921728035
0.41755341443572375 0.37360896267423793 0.3591799264657346
0.4898623102617138 0.4448383506565055 0.42994366503200987
0.5632069115444145 0.5176227600695507 0.5024837754456203
0.6370810110398635 0.5912114236320729 0.5759472543565654
0.7112228505119694 0.6652091799070989 0.6498816373923431
0.785499317928362 0.7394132605452659 0.7240538333301023
0.8598432901051041 0.8137209525479979 0.7983455331002853
0.12602298775404433 0.14506789062046427 0.1180575381941807
0.15883321667835165 0.18910395397915414 0.1433060763883614
0.20712700726522065 0.24442774371719667 0.18663566736128853
0.2656317325309383 0.30785067278075884 0.2414724839385535
0.3311087476860174 0.37631516672092535 0.30457197722790164
0.40075779705214415 0.4476249263263922 0.3728466653362826
0.4727064757044537 0.5204513388599268 0.4440530346065859
0.5458650986518261 0.5940614824635672 0.5168254053562256
0.6196446853204622 0.6680701015712194 0.5904079101054236
0.6937388801467099 0.7422796447391266 0.6644025511570248
0.7679914272484576 0.8165900758371221 0.7386050651075479
0.1067467132320114 0.11105984887487955 0.1010174608307766
0.12068442646402279 0.1293106977497591 0.10922592166155319
0.14855985292804558 0.16470636882258188 0.12564284332310638
0.1938345729407168 0.21456295510307047 0.1581329296199674
0.250055154448632 0.2742090174740096 0.2062330304401168
0.3140673747121853 0.3403990985239717 0.26459428330050205
0.38287536867012356 0.41045110071549085 0.3299807862524038
0.45437152245734885 0.4826146638954002 0.3995783867649312
0.5272951626829903 0.5558843444994557 0.4714995398720781
0.6009549790118822 0.6297203995541232 0.5446439125514233
0.6749887059557771 0.7038430681161154 0.6184162471457992
0.10335858156656763 0.09807539618226749 0.10417501651236848
0.11390816313313527 0.10334179236453499 0.11554103302473695
0.13500732626627054 0.11387458472906997 0.1382730660494739
0.1741789548380004 0.13494016945813994 0.1792547619645363
0.2263407873885664 0.17407201553706325 0.23255231654813444
0.28761913890044744 0.2262092049326666 0.2946132034679114
0.3548079345502398 0.2874704211400912 0.3622722076519462
0.425417329688606 0.3546488589951048 0.4331412513026544
0.4978761077570443 0.4252525146704713 0.5057367506147743
0.5712978143085534 0.4977082648437696 0.5792286499072248
0.6452110258002607 0.5711284153407394 0.6531774301915219
0.19532779656874583 0.17459764474942807 0.12525897143460063
0.2518218493341364 0.22685567043492919 0.15742110980976545
0.3160121557068521 0.288200844852729 0.20532266955601103
0.38492337129782184 0.35543000768242994 0.26353638774943466
0.4564753570143739 0.42606176287897735 0.3288296096925649
0.5294280705709429 0.4985323347996401 0.3983741162561424
0.6031027269998045 0.5719601016533286 0.47026684243756733
0.6771439517061839 0.6458763854664656 0.5433964923722479
0.7513698860751512 0.7200394700260229 0.6171613329194573
0.8256885350141234 0.7943265985422687 0.6912480884200851
0.9000536315968757 0.8686759109488345 0.7654968991188253
0.1260624824659217 0.12510085746287666 0.12375470446378103
0.15890571100948653 0.1571265385775633 0.15458532867842853
0.20721946058963986 0.20494544230757863 0.20167895502345679
0.2657389445549992 0.26309759890157824 0.25928736253550855
0.3312252593231541 0.3283518356671056 0.32419566677188383
0.40087959091300945 0.39787413107454317 0.3935203168875316
0.47283109445097316 0.46975495881886536 0.4652951000340087
0.5459911795580227 0.5428784446117539 0.5383636021832142
0.6197715102491368 0.6166401470789237 0.6120973011969086
0.6938660803893103 0.6907253192394762 0.6861683409366144
0.7681188159822574 0.7649733346550942 0.7604092571118646
0.14325928787029368 0.14177045883291928 0.1399523332350115
0.1865693371801447 0.18443699486947035 0.1817742399512701
0.24139288133614537 0.23882857192305193 0.23561167304454775
0.3044835251614791 0.301630200505639 0.2980396836593265
0.37275300726055105 0.3697292838133363 0.3659174033023137
0.4439565367513227 0.44083974636678575 0.4369066215930774
0.5167274220389912 0.5135619160738556 0.5095652297813487
0.5903091667740756 0.5871187274080839 0.5830894835967617
0.6643034233800811 0.661100369427635 0.6570546471064762
0.7385057439830209 0.7352963452531198 0.7312423330229927
0.8128125534005991 0.8095999728458699 0.8055418029068125
0.17357124990035624 0.1507967980236238 0.1421539994024127
0.22559263967251483 0.19676714397333803 0.18499037541006538
0.28677324670711574 0.25352058038244457 0.23949504919647527
0.3539029230414045 0.31787910869011493 0.3023725348616909
0.42447954740809896 0.3868875804812359 0.37051641291192566
0.49692103369385054 0.458492095847608 0.44165136320555004
0.5703338529945983 0.5314721421573781 0.5143863571774006
0.6442425585466764 0.6051607446964595 0.5879497338310788
0.718401827427513 0.6792090140671463 0.6619346978787952
0.792687041413034 0.753438488885428 0.7361323446984569
0.867035394874547 0.827758912605551 0.8104368103008261
0.17012817201609995 0.1440812572923857 0.13679864130411484
0.22133505296267794 0.18772868716727478 0.17699279156930894
0.2819444789377323 0.2427828025595339 0.2297923321991956
0.34872695006764387 0.30602692218475447 0.29151179796339977
0.4191105455749936 0.37438659533721597 0.35896632410407336
0.4914500146489878 0.44563929226178073 0.42972267212699133
0.5648103572420393 0.5184358881220095 0.5022588921106114
0.6386924450285416 0.5920307850388258 0.5757203739841095
0.7128383085692429 0.6660316939672489 0.6496537451410791
0.787116795566168 0.7402373600475343 0.7238254317471594
0.8614617794279951 0.8145458470655693 0.7981168759967927
0.10569137246876299 0.12763769062654476 0.10757186182141883
0.11857374493752598 0.1617578748893592 0.12233472364283765
0.14433848987505193 0.21084342232154274 0.1518379129980214
0.1880889446586576 0.26992997418439807 0.19812208692837777
0.24321410249714784 0.3357720323809429 0.2551159786966607
0.3065053998141665 0.405627890501431 0.31962985617854506
0.37489275614324036 0.47768700949390286 0.38872792861906735
0.44616053168849545 0.5509027528649303 0.4603807739403146
0.5189650088498341 0.6247113939950673 0.5333859498245066
0.5925639364740125 0.6988202421168657 0.6070873696058844
0.6665668838728923 0.7730801477021849 0.6811421121959502
0.13025002170875732 0.12884384942690913 0.14380027770396941
0.1663270039011012 0.16389171205195796 0.18733378523286745
0.2165961777077589 0.21353792597171203 0.24230969759892282
0.27653880650763474 0.27303201695290646 0.30550182423073186
0.34291216751930736 0.339127860582925 0.37383096628646867
0.41306706671894927 0.4091268491090179 0.4450670264031196
0.48528530443035434 0.48126221202668085 0.5178549245719776
0.558583188433003 0.5545173372475574 0.5914453727385174
0.6324335697669791 0.6283459964872298 0.665444031643683
0.7065634586596369 0.7024649370501515 0.7396485662138874
0.7808339277054254 0.7767299099055431 0.8139564858413102
0.1517491025184657 0.1617101346160661 0.1243336609558423
0.19800666010272375 0.21078297647962452 0.15568563812805286
0.25498020652909315 0.2698602501907965 0.20309601094084592
0.3194809618150936 0.3356965124073965 0.2609426779181713
0.38857147367642336 0.40554909551343965 0.3260029155131548
0.4602202432730752 0.47760646811913354 0.39541449458528577
0.5332233006131525 0.5508213089416961 0.46723595554912734
0.6069236400141573 0.6246294911693755 0.5403286700973512
0.6809778370138655 0.6987381078951733 0.6140747032782992
0.7552102906206428 0.772997897291485 0.6881519683496071
0.8295322075005942 0.847333513718324 0.7623960119133706
0.1593009462792498 0.1142139004775016 0.1267854915374445
0.20772320955077456 0.13561880095500317 0.16022424834877075
0.26632285064482875 0.1751477864988879 0.20889803499637044
0.33185963689440423 0.22753150714461318 0.26768293149475364
0.40154262401251317 0.28896384590380525 0.33333613045207805
0.4735094485517867 0.3562456034835741 0.4030851312156172
0.5466774627859347 0.42690647220304845 0.475087226824162
0.6204618279608033 0.49939239448109396 0.5482734884827528
0.6945584331836308 0.5728280476471145 0.6220671365706215
0.7688121908241881 0.6467483291016385 0.6961684238627471
0.8431447848392144 0.7209134263232864 0.7704245327949536
0.1084109243077352 0.10811434194142841 0.10757683461220197
0.1240128486154704 0.12341968388285682 0.12234466922440393
0.15507732649956596 0.1539434311849455 0.15185740254758584
0.20231310136420586 0.20085033192244547 0.19814741363399474
0.2600285866122719 0.2583177041358932 0.25514576609225503
0.32500524053518376 0.3231358122762197 0.31966252005193924
0.3943690209877487 0.3924087649300704 0.3887622496300582
0.46616482294982076 0.46415576077862153 0.46041598821490737
0.5392442298145222 0.5372098416957227 0.5334216283973466
0.612983484377171 0.6109361923170853 0.607123284949627
0.6870573282605846 0.6850035226462676 0.6811781471075155
0.17487673295789682 0.17226966483716985 0.16934897891898051
0.22719862288376913 0.22398693642597853 0.22036699661358403
0.28858810615192976 0.2849551398775564 0.28084292300714864
0.3558440133898582 0.3519560486610219 0.34754381394386946
0.42649057556957254 0.42246119795137577 0.4178819137445221
0.4989689553949851 0.4948649418022161 0.49019729712666055
0.5724007338067354 0.5682583555451981 0.5635452392382516
0.6463190511693916 0.6421572202993661 0.6374210342619985
0.7204831595587327 0.716311533702489 0.7115637278871192
0.7947708017679207 0.790594261106433 0.7858406239912963
0.8691203714672724 0.8649413690572672 0.860184810916524
0.13228316366158258 0.1109277727992095 0.10112584682170991
0.16975322025159786 0.129046545598419 0.10944269364341982
0.2208694317890196 0.16424617928953214 0.12607638728683965
0.28141481735650087 0.21398417574226597 0.15893122229040385
0.34815817446190034 0.2735446328085264 0.20725199149751428
0.4185199635494239 0.3396816566157701 0.26577666499941816
0.49084789012592445 0.4097038201729603 0.3312662492543519
0.5642022906077769 0.48185151351696803 0.40092243775753456
0.6380813631403448 0.5551130037209612 0.4728749343053366
0.7122257078122448 0.6289448972929212 0.5460355333800085
0.7865034325398308 0.7030654682291386 0.6198161256008033
0.11611999862209957 0.10523264038147792 0.09944116316244894
0.13943099724419913 0.11765628076295585 0.1060733263248979
0.18099836694142718 0.1425035615259117 0.11933765264979579
0.23467118040945667 0.18549225843814668 0.14586630529959155
0.2969875761987102 0.24009889908977455 0.19020410838115265
0.3647989270606204 0.3030446624073158 0.245740673949628
0.43575171867172213 0.37122881641424843 0.3093041596035072
0.5083912090207375 0.44238577069654117 0.37785085582859906
0.5819056645809076 0.5151322843877306 0.44920530483385146
0.6558658673739513 0.5887015574943405 0.5220550518516847
0.7300510573085668 0.6626895048653774 0.5956771230266596
0.11793329010899298 0.1476940188475372 0.12177748158843103
0.14305758021798598 0.19268090474670885 0.1507402390973969
0.18628291432331248 0.24868709495005362 0.19669342247429883
0.24104903317670875 0.31255917718660203 0.2534336730470038
0.3041013673243395 0.381285754382924 0.3177836658999537
0.3723483045398992 0.4527378119532078 0.3867872087735695
0.44353953376653743 0.5256384737197346 0.45838906371432286
0.5163039842106014 0.5992865566999934 0.5313677262135589
0.5898824364718449 0.6733143544215335 0.6050556228138028
0.6638750275652996 0.7475335398002825 0.6791035356233776
0.7380765105270995 0.8218488053148972 0.7533328312525023
0.13507915938380446 0.1649118636750382 0.16275103726085366
0.1742932228213784 0.21482119945258246 0.21209928969732436
0.22648135399722277 0.27450528732123103 0.27137725513293354
0.28777798457037884 0.3407189141945083 0.3373387063665572
0.3549778264592047 0.4107841508413019 0.4072619659272932
0.42559334159320183 0.48295475067371363 0.4793570083037782
0.4980553480371131 0.5562280622969094 0.552591312264695
0.5714787135980923 0.6300659620928153 0.6264093892712355
0.6453927661646587 0.7041895604709898 0.7005229949894958
0.7195547273264842 0.7784568717073634 0.7747852893849798
0.7938412921844322 0.8527962568451872 0.8491221609500477
0.18253036730482347 0.14907809369752728 0.1112440944405433
0.23652684990986245 0.1945192105711688 0.1296791888810866
0.2990624264142056 0.25086573648762756 0.1653450536279013
0.3670040032424912 0.3149600655578466 0.21536517244861866
0.4380282368126131 0.3838156847350217 0.2751290158571299
0.5107052127730158 0.45533760898112463 0.341391984436882
0.5842388779345629 0.5282746715014496 0.4114849399897723
0.6582088056323132 0.6019413398187449 0.48367027343484714
0.7323988884842587 0.6759785288322209 0.5569511866565239
0.8066995605731442 0.7502024348186347 0.6307929481439746
0.881055655915356 0.8245200669162449 0.7049184928762959
0.10591105554265264 0.1283276697576087 0.1463690006408006
0.11901311108530527 0.16298371595412695 0.19089104447498675
0.14521722217061053 0.21239307227392418 0.24655915451288973
0.18931058042489765 0.2717154436596923 0.31020930549960896
0.2446745316067942 0.33770454348260975 0.37880660164575336
0.3081240261661404 0.40764339490023854 0.4501885331270766
0.3766040695901271 0.47974674244742366 0.5230526227270966
0.44792228674824847 0.5529853361132002 0.5966820232611612
0.5207531165110969 0.6268055935799437 0.6707003781538259
0.5943655183104759 0.7009202986031439 0.7449148163937469
0.668375279237125 0.7751831449418696 0.8192277018669315
0.09592476817326508 0.09598444868653026 0.09560529902140515
0.09904053634653016 0.09915989737306052 0.09840159804281029
0.10527207269306033 0.10551079474612104 0.10399419608562058
0.11773514538612063 0.11821258949224209 0.11517939217124115
0.14266129077224127 0.14361617898448417 0.1375497843424823
0.18571795190593599 0.1870742542923471 0.17815110285974123
0.24037025981448254 0.24199858330485755 0.2312072661037427
0.30334656713234326 0.30515638039825216 0.2931029968445229
0.37154872540531597 0.37346535074418347 0.3606632183818117
0.4427155118419208 0.44469041501201245 0.4314778607295192
0.5154671717852938 0.5174725634453571 0.5040447561228198
0.2052673934448916 0.20298345251952613 0.19967764745311414
0.2634721065790114 0.2608113282523233 0.25694323202532937
0.32875962815849424 0.3258596030865496 0.32163195273151735
0.3983008878249943 0.39526434465467547 0.39083062527012696
0.4701918748911568 0.4670821362218598 0.4625376596422243
0.5433206239190239 0.5401729479846443 0.5355709911492104
0.6170850058438975 0.6139180120095346 0.609286766216751
0.6911715299477859 0.687994787964944 0.6833487574190429
0.7654202244212227 0.7622385858238767 0.7575851274402229
0.8397502811711768 0.8365661886010842 0.8319090073835935
0.9141210886188919 0.9109357676422268 0.9062767227728324
0.1730932657690869 0.14137347241377712 0.1275276354572926
0.2250035015933988 0.18386119412807334 0.1615610460915157
0.2861065944550766 0.23813434416749285 0.21059416352858504
0.353189326007642 0.3008563972148538 0.26964241649727005
0.4237399081487578 0.368908435829046 0.3354605444554991
0.4961676472758952 0.43999316364982843 0.4053028790238114
0.5695733995673294 0.512701851235712 0.47735478611487014
0.6434785216621229 0.5862517591853738 0.5505668021661726
0.7176359861197057 0.6602299077869981 0.6243735480960012
0.7919202946936827 0.7344241263246947 0.6984814405764053
0.8662681946461321 0.8087268726101383 0.7727408663107865
0.17532086105501352 0.14501107159350385 0.1309268741961234
0.2277439620263185 0.18902523030244944 0.16747980920286334
0.289203573910231 0.24433369441706657 0.21803775583356524
0.35650177396966964 0.3077464817226792 0.278186792430394
0.42717173978439965 0.37620503781582976 0.34468723247301924
0.499662457281288 0.44751156725529506 0.41491331556698646
0.5731005736617968 0.5203362925907757 0.4871693300583367
0.6470221036508108 0.593945573620415 0.5604866881820677
0.7211878294395266 0.667953756572371 0.6343469583347391
0.7954762831422932 0.7421630804291952 0.7084818302679614
0.8698262592897238 0.8164734015613047 0.7827548005799874
0.15973399471428826 0.135527468630626 0.11251914367530982
0.20827457062848043 0.1750036321709615 0.13222928735061962
0.26696144684423295 0.22735449327208987 0.16966382512480807
0.3325530915558205 0.28876406195517057 0.22075836134175905
0.40226720099835506 0.35603208673295705 0.2812884238105827
0.4742506583315874 0.4266853558758456 0.34802241643739545
0.5474272786453007 0.4991672718244171 0.41837898290769626
0.6212160222408375 0.5726008668860008 0.4907041445345368
0.6953148359055035 0.6465201051118796 0.5640571214685928
0.7695697026242034 0.7206846771180052 0.6379354716013382
0.8439028523988432 0.7949725519383131 0.712079452370463
0.20674494020532944 0.1897690382613798 0.17494042565280263
0.26518851796672743 0.24522176981548394 0.22727686192150592
0.33062698121584405 0.3087299311690054 0.28867643116534647
0.4002541252644891 0.3772442922114016 0.3559384237312971
0.47219108687332023 0.4485811684465548 0.4265883542393008
0.5453436444602843 0.5214217416400952 0.4990685099961179
0.619120144596523 0.5950391240232881 0.5725012007871554
0.6932127824137831 0.6690514031712089 0.6464199806395261
0.7674645475395927 0.7432627866552868 0.7205843218741772
0.8417961430828285 0.8175741405022883 0.7948720809093681
0.9161677207962425 0.8919355846111809 0.8692217091229658
0.1919282923319831 0.20356430538521308 0.1952596222494942
0.2477931403108167 0.26148890624471693 0.2517412872296616
0.3115725798611272 0.326598721047198 0.3159235427860588
0.3802452415684807 0.3960386239923317 0.384830097826017
0.4516680695225837 0.467875281345933 0.4563795644625497
0.524553491873801 0.540975875012723 0.5293309667551652
0.5981937911527964 0.6147259210320433 0.6030049539972707
0.6722176549921446 0.6888052112411043 0.6770458406395591
0.7464348627892695 0.7630502721043997 0.7512716050982837
0.8207491368361362 0.8373785078611939 0.8255901688612537
0.8951120430622795 0.9117484037624897 0.8999552228006169
0.19862135569251047 0.19147989317229006 0.19371625892076352
0.25570295381709346 0.2472599693367687 0.249914979088776
0.32027335273257096 0.3109837482681507 0.31391293074685467
0.38940397432821217 0.3796239816096748 0.38271264267473604
0.4610743610646266 0.4510292180187772 0.454204313178024
0.5340886535059515 0.5239054656405664 0.527125617828058
0.607794722032262 0.597541078019125 0.6007842417296065
0.6818518121367989 0.6715625728921215 0.6748173661477787
0.7560857195146202 0.7457785897458571 0.7490392291091668
0.8304083650952665 0.8200922666956895 0.8233558369958907
0.9047754625406906 0.8944548739656863 0.8977199117113036
0.1825818206440853 0.1935642944852553 0.19735836422103556
0.23658907715239635 0.24973489368023438 0.2542171613085225
0.2991319304406657 0.31371448409016855 0.3186438297003077
0.3670778234978989 0.3825035359055257 0.3876916277785683
0.4381044226542538 0.4539894350205918 0.45931736311169036
0.5107826391878595 0.5269077328361316 0.5323084450426819
0.5843169399110424 0.6005648215416357 0.6060026768156505
0.6582871893185347 0.674597170220472 0.6800537893175732
0.7324774340217793 0.7488186432516342 0.7542846929144433
0.8067781872872235 0.82313505565491 0.828605832837787
0.881134323280669 0.897499032498613 0.9029721765100961
0.16453121312559277 0.16241115029001832 0.1596953266399789
0.21434273751348162 0.21166984363025926 0.20822536278177348
0.27395629066578975 0.270882644959568 0.26690447451182003
0.34012623092376887 0.33680348928253995 0.33249123941127556
0.41016690893498003 0.4067038380167426 0.4022025814467219
0.48232445008510205 0.47878667333961145 0.4741845600862536
0.5555910229441445 0.5520146713200053 0.5473604153816061
0.6294254990325433 0.6258295427533098 0.6211487697885907
0.7035473717194456 0.699941532282722 0.6952473871550198
0.7778138166181354 0.7742030152004925 0.7695021552942529
0.8521527677099807 0.848539480176747 0.8438352556710214
0.12019024562361987 0.1195995944805914 0.11849226949389469
0.14757149124723973 0.1463901889611828 0.14417553898778937
0.1925166386069992 0.1909199021198967 0.18786087026836323
0.24849207959705077 0.24659351632167278 0.2429410852031717
0.3123440244589739 0.3102472897743619 0.306202542985677
0.3810588885181921 0.3788466995043607 0.3745723921578781
0.4525045978805812 0.4502297785075313 0.4458306325094402
0.5254019504249976 0.5230944668558843 0.518630126006839
0.5990483433250541 0.5967241733306821 0.5922265049044935
0.6730752869166463 0.6707426828775187 0.6662281633361382
0.7472940429293902 0.744957198870893 0.7404342063248143
0.0980273622291913 0.09798156042210225 0.09762408588979399
0.10324572445838259 0.1031541208442045 0.10243917177958797
0.11368244891676518 0.11349924168840898 0.11206934355917594
0.13455589783353036 0.13418948337681796 0.13132968711835188
0.17345805107394802 0.17286932905050748 0.1681600441414475
0.22545317185136785 0.22472727870187117 0.21888657818315854
0.2866154722642113 0.2857938621961216 0.27915567783634726
0.3537340664974089 0.3528544637764194 0.34572985575085546
0.42430454475745005 0.42339276335791026 0.4159971832291431
0.49674278709845116 0.4958140170043103 0.4882750682828614
0.570153938906267 0.5692164348254072 0.5616036960465549
0.13741955466745565 0.14366254826339006 0.1124097223853942
0.17795117372331445 0.18713968195920086 0.13201044477078838
0.2309632839909792 0.24207702921542548 0.16929993984237265
0.2928288068064479 0.30524349274819124 0.22030601421252746
0.3603709341896356 0.37355755637772325 0.2807734848789563
0.4311756033600078 0.44478539735879735 0.347469203102665
0.5037372525096708 0.5175689978217012 0.4178044163644784
0.5772117857139044 0.5911572475692621 0.4901182710694137
0.6511517693360676 0.6651547945386876 0.5634654260016485
0.7253267842121986 0.7393587699164019 0.6373408215254547
0.7996198981491119 0.8136664091359644 0.7114833138970891
0.10667277520225121 0.09538135131142715 0.09535869073781919
0.12053655040450242 0.0979537026228543 0.09790838147563839
0.14826410080900482 0.1030984052457086 0.10300776295127677
0.19344189484682656 0.11338781049141719 0.11320652590255353
0.24958980969715483 0.13396662098283438 0.1336040518051071
0.3135545828447578 0.17250966822018438 0.1719219580928198
0.38233503000163754 0.22428335981038044 0.22355721384134256
0.453816269907584 0.28529104563735563 0.2844679601502723
0.5267321401432454 0.3523159211950737 0.35143396571334484
0.6003879893546811 0.4228343838366786 0.42191971827248603
0.6744197117011256 0.4952451607169433 0.49431321304734105
0.15812693768841296 0.10238123054863568 0.09940645516427121
0.2062253742512512 0.11195346109727136 0.10600391032854242
0.2645853923873119 0.13109792219454275 0.11919882065708484
0.3299711155340524 0.167769186684769 0.14558864131416965
0.39956827249484045 0.21839901472642007 0.18982278595644228
0.4714891882102316 0.2785992826576223 0.2452858961509126
0.544633437965214 0.34513120319613133 0.30880091053628433
0.618405709996089 0.4153748999278318 0.37731927837698354
0.6924962148257018 0.4876402559343929 0.4486583325767974
0.766746908674407 0.5609624280551437 0.5215000428958794
0.8410779673770082 0.6348251423039855 0.5951180065030315
0.17307026769394465 0.13271620083984803 0.13496319898773837
0.22497513997728888 0.17046905309849367 0.17410869935129572
0.2860744890801288 0.22175802415945922 0.22625434559026053
0.35315495192797314 0.28242535140038816 0.2875214429077643
0.42370427507551384 0.349243154612628 0.35470343602230425
0.4961313494765461 0.4196464374391984 0.4253090618356867
0.5695367600171394 0.4919963242565035 0.49776585139739116
0.64344170881186 0.5653620291031958 0.5711865360501522
0.7175990860031849 0.6392468376858362 0.6450992294558968
0.7918833507886978 0.7133940717135498 0.7192605062843127
0.8662312288079199 0.7876732464980669 0.7935467277775993
0.17654213922405393 0.13219836296699625 0.12800108548297087
0.22924092013017483 0.1696124797019061 0.16240523925989328
0.29089098295949845 0.22069455623173173 0.2116623718910482
0.35830381612339984 0.2812158080886952 0.270874036799715
0.42903714465613146 0.3479444152689113 0.336794172608918
0.5015612444105229 0.41829797792689083 0.40669412147220085
0.5750165040198036 0.49062154918702255 0.47877674370550116
0.648946722236162 0.5639737072878727 0.5520046315973673
0.7231168217555732 0.637851641885378 0.6258194470659026
0.7974074697869055 0.7119954133304864 0.6999314083783015
0.8717585449718566 0.7862728503705501 0.7741928771283336
0.19003914005220096 0.12512163484020067 0.10438977599841237
0.24554396542359272 0.15716529363568515 0.11597055199682474
0.3090865133108571 0.20499508854774573 0.13913210399364945
0.3776209752246482 0.2631553615466431 0.18055099991921844
0.4489687763727745 0.32841474028626727 0.23412823604955463
0.5218150531608287 0.397939965972801 0.29637969687347476
0.5954353507535769 0.46982236367367075 0.3641523852182478
0.6694491037721391 0.5429466628625887 0.4350839407199252
0.7436612283110443 0.616708779434094 0.5077122811417125
0.817972953722059 0.6907941605378529 0.5812210209340505
0.8923345838729543 0.765042280902879 0.6551783296005029
0.15951977190366115 0.1604580658888881 0.11061315685497292
0.20800189620766396 0.20919511312103228 0.12841731370994586
0.2666456953406203 0.2680264847090784 0.16314195800119774
0.33221025977984453 0.3337088368870539 0.2125927749470289
0.4019090091468007 0.40347435188625796 0.2719452521230017
0.47388425847507876 0.47548526584353734 0.33795308623865916
0.5470566320856848 0.5486760882377786 0.407902498909211
0.6208432151988652 0.6224720561120693 0.48001147097152624
0.6949409391497188 0.6965745133513692 0.5532529694705751
0.7691952586190911 0.7708312097961086 0.62707470339163
0.8435281341678954 0.8451652764285462 0.7011901527677583
0.15322990923545227 0.14068311894813962 0.11214799595735424
0.19992754896709813 0.18285247077488742 0.13148699191470847
0.2572363518280849 0.23691629649229048 0.16842452072146527
0.32195281796086817 0.2994973370264479 0.21921624297684628
0.39116743076161686 0.3674658732334645 0.2795316813317741
0.46288304431597443 0.43850487995990484 0.3461342830255669
0.5359208314266783 0.5111896026543796 0.4164174972090148
0.6096388776853202 0.5847272363857359 0.48870380303896566
0.683702015577752 0.6586991728543843 0.5620367690007185
0.7579389617493155 0.732890266301588 0.6359049627490665
0.8322631304732129 0.8071914452517643 0.7100438269359692
0.14910191789167604 0.16491855369933656 0.11922637994885613
0.19455057951182428 0.21482960464086046 0.14564375989771228
0.25090285324085204 0.27451492837909997 0.18989858941914692
0.31500092577280064 0.34072932029041497 0.2453763266735252
0.3838587148826496 0.4107949868678554 0.30890099746124616
0.4553818128803525 0.4829658152686221 0.3774250104737841
0.5283194866211988 0.5562392448304965 0.44876713299167464
0.6019864669315297 0.6300772045436341 0.5216104452344037
0.6760238135762342 0.7042008331218536 0.5952292276240225
0.7502477987919449 0.7784681595191751 0.6692422145942296
0.8245654706082581 0.852807552252776 0.7434539539697407
0.15358625448910881 0.10440059019552173 0.10834396374129958
0.20038862764591758 0.11599218039104343 0.12387892748259915
0.257776861087579 0.13917536078208687 0.15482236722476392
0.3225442725438691 0.18061585980052378 0.20198458381783788
0.3917881374949004 0.23420698284553765 0.25964469007575464
0.46351948970481627 0.29646788442890326 0.32458600851670427
0.5365654492898038 0.3642461961548114 0.39392956422421516
0.6102876610003094 0.43518084114000394 0.4657145039580951
0.6843529018717007 0.5078108038908148 0.538788275824128
0.7585909046535368 0.581320375390687 0.6125246596698686
0.8329156029700484 0.6552781051990477 0.6865970545963291
0.1044964040299141 0.0964459928938063 0.09855460357864385
0.11618380805982821 0.1000829857876126 0.10430020715728769
0.13955861611965642 0.1073569715752252 0.11579141431457537
0.18118881340007725 0.12190494315045039 0.13877382862915075
0.23490216821359852 0.15099230895454338 0.18001228469703484
0.29724607836840533 0.19702189120442398 0.23347378379001293
0.36507380013550605 0.253820809661639 0.2956464830843584
0.43603558020198285 0.31820876615817745 0.36337222641462463
0.5086797888875044 0.3872342269290067 0.4342779805554283
0.5821966629299407 0.45884791080212317 0.5068927695573774
0.6561580902294042 0.5318327256773504 0.5803945612998387
0.15178283048656946 0.10173228529648859 0.10137052187344095
0.19805049965475555 0.11065557059297716 0.1099320437468819
0.25503177635089114 0.12850214118595432 0.12705508749376376
0.3195375179339386 0.1632914833807759 0.16071178940972194
0.3886309029077933 0.212781406324769 0.20951728519579563
0.46028122138166155 0.27216226114168407 0.2683988898035389
0.5332850838358544 0.3381877463528964 0.33411272941874753
0.6069858338195405 0.40814710699934537 0.40389607301324465
0.6810402381638185 0.4802613761936452 0.475916504831627
0.7552727959621874 0.5535056102348666 0.549112249102495
0.8295947650685209 0.6273287345086982 0.6229107202882511
0.1812493427188974 0.11058647569268479 0.10472456099090666
0.23497556447330814 0.12836395138536955 0.1166401219818133
0.2973282034435015 0.1630477894132409 0.1404712439636266
0.36516111741249524 0.21247394276192813 0.18254097500790264
0.43612574781709157 0.2718085133870304 0.23653967928921416
0.5087714526132421 0.33780520560468774 0.2990767564323407
0.5822890934849654 0.4077483374992581 0.36701922340361165
0.6562509090305677 0.47985396476522824 0.4380439448445194
0.7304369104397778 0.5530937358408382 0.5107211766601025
0.8047355354193096 0.6269145917628998 0.5842549729004641
0.8790906056040129 0.701029598498591 0.6582249669481615
0.208941470518504 0.17194925778749268 0.1211423950224291
0.26773317138455177 0.22359096477576051 0.1494757900448582
0.3333906399169056 0.28450623328070435 0.19504165426793998
0.40314205967800926 0.3514749870098201 0.25148365038886533
0.47514544712426343 0.42196226716035024 0.3156401148542422
0.5483323769401057 0.4943565692048258 0.38453173592847784
0.622126364890802 0.5677451267561386 0.45607312945431344
0.696227823589686 0.6416415284561274 0.5290203291121971
0.7704840185978492 0.7157946014454224 0.6026921715103282
0.844817833967663 0.7900767064020418 0.6767319745850968
0.9191905228188606 0.8644235025667487 0.7509571944398352
0.1994271284047516 0.17790707346408868 0.1224579398332887
0.2566492692629354 0.23090945306390806 0.15207912050956934
0.32131008133040506 0.2927683005655988 0.19843543970150296
0.3904927132926758 0.36030642842425836 0.25548443405732146
0.4621911125142484 0.4311088927756273 0.32003383068554436
0.5352199588040156 0.5036693820122039 0.38915236078853077
0.6089334474415825 0.5771433200014755 0.4608162321241027
0.6829942842229804 0.6510830020839499 0.5338271386705095
0.7572300742001472 0.7252578651919975 0.6075314807196778
0.8315536634090592 0.7995509029933795 0.6815876990088934
0.9059212332524451 0.8739031750650826 0.7558211683099709
0.15573072927114276 0.16046990241794895 0.11686096669776608
0.20315399356542782 0.20921014743377375 0.14091293339553213
0.2610103315759754 0.2680438670479772 0.18318932215587522
0.3260767245461311 0.3337276915673676 0.2373233136103823
0.3954918213531872 0.40349404040792125 0.29995167297660896
0.4673151699953637 0.47550539956851706 0.36794824912134466
0.5404088633709034 0.5486964522010706 0.4390026150358913
0.6141553950931933 0.6224925371805329 0.5116953900444594
0.6882329117668996 0.6965950534789443 0.585237148432021
0.7624770817211656 0.7708517795811509 0.6592111725592883
0.8368048709824616 0.8451858610744616 0.7334033162593605
0.1013649762602629 0.09648688467873986 0.09409471652721225
0.10992095252052579 0.10016476935747973 0.09538043305442451
0.12703290504105158 0.10752053871495944 0.09795186610884903
0.16067175784499238 0.12223207742991887 0.10309473221769805
0.20946646771232486 0.1516365585650824 0.11338046443539608
0.2683401604361164 0.1978603457787396 0.13395192887079216
0.3340490422551501 0.2548080655641709 0.17248591533718272
0.4038295792243782 0.3192921574704647 0.2242540300420552
0.47584851287633717 0.38837306633891727 0.2852578147690668
0.5490434824592393 0.4600166585584007 0.3522803228936162
0.6228415596430923 0.5330170245438195 0.4227974706508208
