380 0.000352548
381 0.000360036
382 0.000367860
383 0.000376008
384 0.000384492
385 0.000393312
386 0.000402444
387 0.000411888
388 0.000421644
389 0.000431724
390 0.000442092
391 0.000452760
392 0.000463728
393 0.000474996
394 0.000486540
395 0.000498360
396 0.000510468
397 0.000522840
398 0.000535488
399 0.000548400
400 0.000561576
401 0.000575004
402 0.000588684
403 0.000602604
404 0.000616776
405 0.000631176
406 0.000645816
407 0.000660696
408 0.000675792
409 0.000691104
410 0.000706632
411 0.000722376
412 0.000738336
413 0.000754488
414 0.000770844
415 0.000787404
416 0.000804144
417 0.000821064
418 0.000838176
419 0.000855468
420 0.000872928
421 0.000890556
422 0.000908340
423 0.000926292
424 0.000944400
425 0.000962664
426 0.000981072
427 0.000999612
428 0.001018308
429 0.001037124
430 0.001056072
431 0.001075152
432 0.001094352
433 0.001113684
434 0.001133148
435 0.001152744
436 0.001172472
437 0.001192344
438 0.001212336
439 0.001232472
440 0.001252740
441 0.001273140
442 0.001293696
443 0.001314372
444 0.001335204
445 0.001356180
446 0.001377288
447 0.001398552
448 0.001419960
449 0.001441512
450 0.001463208
451 0.001485060
452 0.001507056
453 0.001529208
454 0.001551516
455 0.001573980
456 0.001596588
457 0.001619364
458 0.001642284
459 0.001665372
460 0.001688616
461 0.001712028
462 0.001735596
463 0.001759320
464 0.001783212
465 0.001807272
466 0.001831500
467 0.001855896
468 0.001880448
469 0.001905180
470 0.001930080
471 0.001955160
472 0.001980408
473 0.002005824
474 0.002031420
475 0.002057184
476 0.002083140
477 0.002109252
478 0.002135532
479 0.002161992
480 0.002188608
481 0.002215392
482 0.002242332
483 0.002269428
484 0.002296680
485 0.002324088
486 0.002351652
487 0.002379360
488 0.002407212
489 0.002435208
490 0.002463348
491 0.002491620
492 0.002520048
493 0.002548596
494 0.002577276
495 0.002606088
496 0.002635032
497 0.002664108
498 0.002693292
499 0.002722608
500 0.002752044
501 0.002781588
502 0.002811252
503 0.002841036
504 0.002870916
505 0.002900916
506 0.002931012
507 0.002961204
508 0.002991516
509 0.003021912
510 0.003052404
511 0.003082992
512 0.003113676
513 0.003144444
514 0.003175308
515 0.003206244
516 0.003237276
517 0.003268380
518 0.003299556
519 0.003330816
520 0.003362148
521 0.003393552
522 0.003425016
523 0.003456552
524 0.003488160
525 0.003519816
526 0.003551544
527 0.003583320
528 0.003615156
529 0.003647040
530 0.003678972
531 0.003710964
532 0.003742992
533 0.003775068
534 0.003807180
535 0.003839328
536 0.003871524
537 0.003903756
538 0.003936024
539 0.003968328
540 0.004000668
541 0.004033032
542 0.004065444
543 0.004097892
544 0.004130376
545 0.004162884
546 0.004195428
547 0.004227996
548 0.004260612
549 0.004293252
550 0.004325916
551 0.004358616
552 0.004391340
553 0.004424100
554 0.004456884
555 0.004489692
556 0.004522536
557 0.004555404
558 0.004588284
559 0.004621200
560 0.004654152
561 0.004687116
562 0.004720104
563 0.004753116
564 0.004786140
565 0.004819200
566 0.004852272
567 0.004885380
568 0.004918488
569 0.004951632
570 0.004984788
571 0.005017956
572 0.005051148
573 0.005084364
574 0.005117592
575 0.005150832
576 0.005184084
577 0.005217360
578 0.005250636
579 0.005283936
580 0.005317248
581 0.005350560
582 0.005383896
583 0.005417232
584 0.005450580
585 0.005483928
586 0.005517288
587 0.005550660
588 0.005584032
589 0.005617416
590 0.005650788
591 0.005684172
592 0.005717568
593 0.005750952
594 0.005784336
595 0.005817732
596 0.005851116
597 0.005884500
598 0.005917884
599 0.005951268
600 0.005984640
601 0.006018012
602 0.006051372
603 0.006084732
604 0.006118080
605 0.006151428
606 0.006184752
607 0.006218076
608 0.006251388
609 0.006284700
610 0.006317988
611 0.006351264
612 0.006384528
613 0.006417768
614 0.006451008
615 0.006484224
616 0.006517416
617 0.006550596
618 0.006583764
619 0.006616908
620 0.006650028
621 0.006683136
622 0.006716220
623 0.006749280
624 0.006782316
625 0.006815328
626 0.006848328
627 0.006881316
628 0.006914292
629 0.006947268
630 0.006980244
631 0.007013220
632 0.007046220
633 0.007079232
634 0.007112256
635 0.007145304
636 0.007178388
637 0.007211496
638 0.007244652
639 0.007277844
640 0.007311084
641 0.007344372
642 0.007377708
643 0.007411116
644 0.007444584
645 0.007478124
646 0.007511736
647 0.007545420
648 0.007579188
649 0.007613052
650 0.007647000
651 0.007681044
652 0.007715184
653 0.007749432
654 0.007783800
655 0.007818264
656 0.007852860
657 0.007887576
658 0.007922412
659 0.007957380
660 0.007992492
661 0.008027748
662 0.008063136
663 0.008098680
664 0.008134380
665 0.008170212
666 0.008206164
667 0.008242224
668 0.008278368
669 0.008314596
670 0.008350884
671 0.008387220
672 0.008423580
673 0.008459964
674 0.008496336
675 0.008532696
676 0.008569032
677 0.008605308
678 0.008641536
679 0.008677680
680 0.008713728
681 0.008749680
682 0.008785500
683 0.008821188
684 0.008856720
685 0.008892072
686 0.008927256
687 0.008962236
688 0.008997000
689 0.009031536
690 0.009065820
691 0.009099852
692 0.009133608
693 0.009167064
694 0.009200220
695 0.009233052
696 0.009265548
697 0.009297696
698 0.009329496
699 0.009360960
700 0.009392076
701 0.009422868
702 0.009453336
703 0.009483468
704 0.009513288
705 0.009542808
706 0.009572004
707 0.009600912
708 0.009629520
709 0.009657828
710 0.009685860
711 0.009713604
712 0.009741072
713 0.009768276
714 0.009795204
715 0.009821868
716 0.009848280
717 0.009874452
718 0.009900360
719 0.009926040
720 0.009951480
721 0.009976680
722 0.010001664
723 0.010026420
724 0.010050972
725 0.010075308
726 0.010099428
727 0.010123356
728 0.010147092
729 0.010170624
730 0.010193976
731 0.010217148
732 0.010240152
733 0.010262976
734 0.010285644
735 0.010308144
736 0.010330488
737 0.010352688
738 0.010374732
739 0.010396644
740 0.010418412
741 0.010440036
742 0.010461516
743 0.010482840
744 0.010503996
745 0.010524984
746 0.010545804
747 0.010566432
748 0.010586880
749 0.010607136
750 0.010627188
751 0.010647036
752 0.010666668
753 0.010686084
754 0.010705284
755 0.010724244
756 0.010742964
757 0.010761444
758 0.010779684
759 0.010797660
760 0.010815372
761 0.010832820
762 0.010849980
763 0.010866876
764 0.010883484
765 0.010899792
766 0.010915800
767 0.010931508
768 0.010946904
769 0.010961988
770 0.010976736
771 0.010991160
772 0.011005248
773 0.011018988
774 0.011032380
775 0.011045424
776 0.011058096
777 0.011070408
778 0.011082348
779 0.011093904
780 0.011106433