400 0.056938 0.030396 0.113547 0.396549 0.200629 0.237330 0.046541 0.371488 0.248160 0.146946 0.008387 0.310813 0.038878 0.142683 0.038601 0.183944 0.363467 0.037482 0.301892 0.079521 0.279669 0.033212 0.194032 0.000000
410 0.060047 0.030478 0.155975 0.652948 0.213258 0.277573 0.031436 0.538303 0.311466 0.142515 0.014728 0.383139 0.032671 0.166251 0.015541 0.204298 0.466432 0.034441 0.367097 0.068830 0.341492 0.040705 0.211606 0.000000
420 0.067800 0.026930 0.185586 0.795215 0.207176 0.305285 0.027000 0.580256 0.327122 0.132249 0.027075 0.378342 0.042356 0.166933 0.026044 0.207245 0.468667 0.048785 0.361925 0.067207 0.367324 0.034103 0.241642 0.003722
430 0.063034 0.038698 0.212499 0.819487 0.221490 0.327285 0.051914 0.588888 0.327176 0.131938 0.018139 0.392483 0.048905 0.163099 0.036022 0.210306 0.467788 0.044047 0.353091 0.081005 0.371725 0.033042 0.265061 0.001203
440 0.059869 0.043112 0.237518 0.854001 0.221071 0.355704 0.047940 0.600313 0.338446 0.133831 0.029454 0.388766 0.051728 0.146243 0.033778 0.214405 0.449975 0.058451 0.337308 0.093105 0.389013 0.032660 0.300587 0.003600
450 0.064454 0.040403 0.265150 0.840432 0.231982 0.361529 0.054258 0.586694 0.327868 0.131315 0.027225 0.392809 0.052112 0.130969 0.042248 0.218605 0.438277 0.062072 0.306428 0.085997 0.415000 0.041009 0.322147 0.006839
460 0.064979 0.050091 0.276531 0.846153 0.257275 0.351115 0.064024 0.588680 0.327562 0.124597 0.033928 0.391791 0.058391 0.119785 0.047514 0.217814 0.416620 0.071581 0.278438 0.087044 0.456624 0.045770 0.363416 0.008838
470 0.063490 0.059997 0.258105 0.847299 0.283684 0.325605 0.080840 0.575579 0.312534 0.119439 0.042784 0.380578 0.056116 0.097076 0.056706 0.207964 0.401958 0.087288 0.253284 0.083733 0.498268 0.062918 0.397295 0.011113
480 0.067102 0.073626 0.211118 0.853984 0.319325 0.292862 0.107276 0.579467 0.312226 0.113880 0.047395 0.380804 0.057789 0.083225 0.072165 0.206524 0.380180 0.112721 0.219889 0.084397 0.546599 0.082042 0.423958 0.012051
490 0.066048 0.082770 0.150724 0.853537 0.353360 0.244787 0.148103 0.580770 0.294010 0.107850 0.051412 0.384256 0.062893 0.069691 0.109492 0.206404 0.362963 0.165697 0.189868 0.084611 0.580602 0.094075 0.418683 0.014648
500 0.070089 0.086412 0.100445 0.865864 0.375448 0.198040 0.217463 0.584961 0.274873 0.102960 0.052076 0.386536 0.068655 0.060772 0.180843 0.206296 0.354638 0.248391 0.165498 0.084723 0.604831 0.099960 0.397465 0.015433
510 0.077922 0.099842 0.070549 0.868200 0.378368 0.161033 0.289625 0.589060 0.258865 0.097877 0.051532 0.387238 0.101228 0.053641 0.292446 0.209197 0.326274 0.359726 0.152361 0.086904 0.610810 0.117058 0.366993 0.016512
520 0.087566 0.131497 0.049319 0.872436 0.349315 0.129767 0.333352 0.596644 0.238072 0.090379 0.050772 0.391209 0.162948 0.043641 0.428168 0.209876 0.290628 0.465018 0.122755 0.085172 0.604289 0.172778 0.320604 0.015134
530 0.093919 0.177595 0.038993 0.884186 0.308558 0.107880 0.342530 0.605960 0.223188 0.091431 0.052624 0.397400 0.202992 0.037915 0.550111 0.214257 0.276099 0.536711 0.097908 0.086526 0.601114 0.299232 0.272984 0.016713
540 0.095418 0.204059 0.032530 0.896702 0.297861 0.094712 0.331145 0.614711 0.213454 0.090299 0.052234 0.403504 0.201821 0.034949 0.619166 0.218592 0.278249 0.565389 0.088511 0.088195 0.583367 0.418740 0.227344 0.015783
550 0.100940 0.227908 0.030334 0.907939 0.317097 0.090982 0.309454 0.629987 0.209910 0.093565 0.051118 0.413642 0.186169 0.037760 0.661538 0.222433 0.264083 0.571527 0.098082 0.090446 0.562894 0.477635 0.180675 0.016203
560 0.109821 0.272121 0.027961 0.908177 0.315434 0.082201 0.275626 0.639055 0.195208 0.097928 0.049209 0.417018 0.162568 0.036662 0.681773 0.226037 0.226660 0.558548 0.095871 0.089556 0.527710 0.515137 0.135887 0.017665
570 0.127897 0.348365 0.025883 0.915230 0.327586 0.079110 0.246063 0.644502 0.183113 0.110778 0.052836 0.421749 0.145986 0.038967 0.706166 0.230180 0.196762 0.541715 0.100176 0.092079 0.487617 0.561910 0.104270 0.018305
580 0.151757 0.464954 0.026197 0.918710 0.387981 0.079511 0.203871 0.648103 0.177428 0.167310 0.076145 0.423175 0.135224 0.046969 0.714037 0.230878 0.185734 0.504652 0.139135 0.091583 0.430700 0.610553 0.084863 0.017995
590 0.169861 0.591096 0.025621 0.914340 0.484284 0.081508 0.163066 0.642791 0.174549 0.305542 0.145690 0.421898 0.129747 0.063528 0.724294 0.229478 0.198423 0.450727 0.233038 0.090167 0.364377 0.649180 0.070540 0.017724
600 0.178339 0.663884 0.024592 0.915215 0.556885 0.084477 0.128373 0.643906 0.170468 0.451905 0.272943 0.417661 0.124245 0.078701 0.723245 0.226027 0.233016 0.394129 0.354638 0.088878 0.304267 0.670992 0.060100 0.017631
610 0.178673 0.682964 0.024409 0.913717 0.599621 0.084387 0.109354 0.638399 0.161988 0.555907 0.445208 0.413778 0.121054 0.087670 0.726688 0.223425 0.293852 0.351224 0.474789 0.087854 0.269226 0.684398 0.051631 0.017035
620 0.183549 0.674636 0.024151 0.911294 0.623347 0.084816 0.100403 0.632653 0.154887 0.602983 0.588030 0.405955 0.120737 0.092519 0.721624 0.220201 0.333787 0.330385 0.560585 0.084729 0.249258 0.686178 0.047511 0.017617
630 0.194467 0.656548 0.024260 0.905924 0.632535 0.086432 0.094049 0.620330 0.150368 0.611143 0.659406 0.397271 0.124990 0.095519 0.718261 0.210252 0.353122 0.317153 0.605495 0.082072 0.236025 0.680580 0.044104 0.016518
640 0.208877 0.638508 0.026406 0.898615 0.643542 0.094920 0.089606 0.606346 0.153433 0.610450 0.681698 0.389547 0.132605 0.103766 0.708193 0.205307 0.381111 0.305878 0.658427 0.079401 0.225640 0.675002 0.042806 0.016269
650 0.225779 0.630666 0.026982 0.901315 0.670819 0.111154 0.087320 0.610539 0.160851 0.610797 0.695119 0.387035 0.140883 0.118106 0.712792 0.203813 0.420879 0.303277 0.724116 0.080256 0.221239 0.676486 0.043520 0.017233
660 0.235609 0.633504 0.029477 0.904520 0.699233 0.134435 0.089996 0.609966 0.172353 0.618046 0.707264 0.387263 0.142990 0.137184 0.716155 0.199936 0.445268 0.308459 0.780697 0.079821 0.224691 0.684368 0.045866 0.016873
670 0.237525 0.647575 0.031622 0.900700 0.730290 0.166053 0.095599 0.612303 0.174501 0.617658 0.711380 0.387247 0.141916 0.164917 0.715529 0.199042 0.451684 0.327601 0.812867 0.078115 0.235944 0.693438 0.046980 0.015653
680 0.226967 0.666201 0.033918 0.910810 0.771220 0.213919 0.105089 0.613384 0.175715 0.627719 0.722641 0.388892 0.136501 0.202059 0.709998 0.198277 0.434917 0.348341 0.839272 0.077990 0.254440 0.702652 0.047586 0.016872
690 0.222369 0.703663 0.039166 0.919581 0.819803 0.278754 0.117394 0.628724 0.175192 0.643326 0.743500 0.397087 0.132965 0.260773 0.729164 0.201098 0.431489 0.378117 0.866377 0.080021 0.278586 0.724461 0.046091 0.016673
700 0.224206 0.716560 0.043182 0.922183 0.845457 0.350937 0.124110 0.630656 0.165133 0.637974 0.747506 0.394245 0.131132 0.324263 0.743491 0.201697 0.432836 0.395610 0.876669 0.078456 0.290034 0.731712 0.042198 0.017670
710 0.233967 0.715879 0.049105 0.916730 0.861607 0.421294 0.123403 0.617364 0.158053 0.630580 0.738847 0.387694 0.133393 0.387229 0.748341 0.193367 0.442995 0.392129 0.877873 0.077145 0.286664 0.723363 0.039665 0.016867
720 0.247191 0.713781 0.058753 0.911700 0.869806 0.486351 0.117562 0.608235 0.161870 0.623634 0.731276 0.381784 0.137224 0.441776 0.741720 0.190264 0.463712 0.372982 0.883998 0.076176 0.268988 0.719122 0.040132 0.017953
730 0.265457 0.714187 0.070977 0.911284 0.877698 0.540320 0.112934 0.605594 0.177308 0.616226 0.729892 0.375909 0.142792 0.490000 0.743441 0.185289 0.488418 0.365307 0.886520 0.073756 0.264310 0.717519 0.046376 0.016380
740 0.300752 0.723789 0.094976 0.915898 0.891574 0.588268 0.124106 0.600415 0.205979 0.619582 0.732729 0.375992 0.155470 0.531412 0.749569 0.183952 0.538590 0.384288 0.889614 0.073921 0.277477 0.720116 0.062501 0.016770
750 0.349025 0.734550 0.134155 0.911265 0.893990 0.613275 0.140362 0.589614 0.247352 0.610988 0.726710 0.369211 0.166627 0.561944 0.748915 0.180744 0.600316 0.412236 0.888871 0.072481 0.298445 0.712968 0.092858 0.015904
760 0.388618 0.734817 0.181303 0.908209 0.887726 0.621695 0.155204 0.582373 0.277810 0.599077 0.715789 0.360184 0.176279 0.576488 0.740158 0.175904 0.656033 0.431194 0.883711 0.070759 0.315095 0.703021 0.140428 0.015559
770 0.424944 0.728092 0.224651 0.897735 0.880507 0.619905 0.160426 0.569654 0.291023 0.586517 0.701616 0.350165 0.182016 0.581275 0.728804 0.167438 0.703050 0.432252 0.873712 0.069095 0.315323 0.685278 0.172165 0.015969
780 0.455464 0.734778 0.270056 0.896133 0.877609 0.618709 0.161187 0.561841 0.289520 0.581542 0.699005 0.346981 0.187801 0.591867 0.723374 0.165420 0.749563 0.428326 0.869905 0.068081 0.312158 0.681817 0.184369 0.015297