380 0.00001353267233246235 0.00000245662353463446 0.00000624357333235631
390 0.001192906725777207 0.0014797142425650462 0.0032825665229175025
400 0.0011296093595452965 0.0029594284851300924 0.006565133045835005
410 0.025731453212752643 0.007777980695774388 0.10769024529492978
420 0.06747829471714896 0.026957423187298 0.3554918552762058
430 0.06666249759557771 0.04627740110925195 0.4824509010734087
440 0.060578502152289083 0.06706144375441757 0.5854009541907655
450 0.05241979675421873 0.09106571959945987 0.6674503072486149
460 0.04706965424048444 0.13689248608113405 0.705219355511883
470 0.04789081963114009 0.23310313125862794 0.7040215843253388
480 0.05193355410628682 0.3246828004126899 0.6728905884526124
490 0.04722970097264775 0.3646668222209255 0.5664774373407999
500 0.04746276219048016 0.5026929127978322 0.43334243771348196
510 0.058200107859523335 0.6895287813187978 0.30970042842235573
520 0.08065957978816615 0.8300368261872224 0.18404394692187398
530 0.09222768141877041 0.9033348942994344 0.11980687408413
540 0.07077135267444848 0.8909778240678609 0.08983567576377544
550 0.05757409336212339 0.8171834906426285 0.06736573959019779
560 0.07437654559949321 0.7103250702077478 0.04268370670061929
570 0.14967818362316143 0.5508248869167929 0.028240526418353864
580 0.5424778750987193 0.40051203844134653 0.02066252519165986
590 0.731160153555194 0.21041243123385467 0.012252634050059243
600 0.6906962613867563 0.09354362913979071 0.003982903610709338
610 0.6022856753971499 0.044874549671928124 0.00039631585485157094
620 0.4756546321315378 0.02503938098495609 0.0005487780353851937
630 0.3739262350765133 0.01854838709677385 0.007764163231376118
640 0.27740506428319495 0.012445209170343748 0.001503909047515203
650 0.18320914048109962 0.007499139834912101 0.0009804460714122835
660 0.11672538618996309 0.005073807521801287 0.0034392210973153937
670 0.07035599829597325 0.004925971437373874 0.0007879425504629237
680 0.037463497778932216 0.0032841607781489562 0.0012502593240558554
690 0.01886102223252788 0.0013840584679206595 0.0022751212897757092
700 0.008187987924939775 0.0006919466438995066 0.0025716838223512717
710 0.0008298751436022233 0.0004789299506062642 0.000774905876013586
720 0.0009097493631999936 0.000945852855955567 0.0009091407250213271
730 0.0018812343230474732 0.0027253933811345206 0.0018812343230475129
740 0.001012858295051607 0.002147800472475686 0.0010577348150200665
750 0.0020620661494489237 0.0018245635827831516 0.0020620661494489636
