400 0.002145 0.004690 0.010709
401 0.002237 0.004841 0.012734
402 0.002330 0.004992 0.014758
403 0.002422 0.005143 0.016783
404 0.002515 0.005294 0.018808
405 0.002608 0.005444 0.020833
406 0.002700 0.005595 0.022857
407 0.002793 0.005746 0.024882
408 0.002885 0.005897 0.026907
409 0.002978 0.006048 0.028932
410 0.003071 0.006199 0.030956
411 0.003187 0.006844 0.035414
412 0.003303 0.007490 0.039871
413 0.003419 0.008136 0.044328
414 0.003535 0.008781 0.048785
415 0.003650 0.009427 0.053242
416 0.003766 0.010072 0.057699
417 0.003882 0.010718 0.062157
418 0.003998 0.011364 0.066614
419 0.004114 0.012009 0.071071
420 0.004230 0.012655 0.075528
421 0.003895 0.013564 0.080754
422 0.003560 0.014472 0.085979
423 0.003225 0.015381 0.091205
424 0.002889 0.016290 0.096431
425 0.002554 0.017198 0.101657
426 0.002219 0.018107 0.106882
427 0.001884 0.019016 0.112108
428 0.001548 0.019924 0.117334
429 0.001213 0.020833 0.122559
430 0.000878 0.021742 0.127785
431 0.001109 0.022556 0.131657
432 0.001340 0.023369 0.135529
433 0.001571 0.024183 0.139401
434 0.001801 0.024996 0.143273
435 0.002032 0.025810 0.147145
436 0.002263 0.026624 0.151018
437 0.002494 0.027437 0.154890
438 0.002725 0.028251 0.158762
439 0.002956 0.029065 0.162634
440 0.003186 0.029878 0.166506
441 0.003450 0.030493 0.169381
442 0.003714 0.031109 0.172255
443 0.003978 0.031724 0.175130
444 0.004241 0.032339 0.178005
445 0.004505 0.032954 0.180880
446 0.004769 0.033569 0.183754
447 0.005033 0.034184 0.186629
448 0.005296 0.034799 0.189504
449 0.005560 0.035414 0.192379
450 0.005824 0.036029 0.195253
451 0.006011 0.037329 0.197408
452 0.006199 0.038628 0.199564
453 0.006386 0.039928 0.201719
454 0.006573 0.041227 0.203874
455 0.006761 0.042527 0.206029
456 0.006948 0.043826 0.208184
457 0.007136 0.045126 0.210339
458 0.007323 0.046425 0.212495
459 0.007510 0.047725 0.214650
460 0.007698 0.049024 0.216805
461 0.007814 0.051881 0.217613
462 0.007931 0.054737 0.218421
463 0.008047 0.057594 0.219230
464 0.008164 0.060451 0.220038
465 0.008280 0.063307 0.220846
466 0.008397 0.066164 0.221654
467 0.008513 0.069020 0.222462
468 0.008630 0.071877 0.223271
469 0.008746 0.074734 0.224079
470 0.008863 0.077590 0.224887
471 0.009120 0.080905 0.224169
472 0.009377 0.084221 0.223452
473 0.009633 0.087536 0.222734
474 0.009890 0.090852 0.222016
475 0.010147 0.094167 0.221298
476 0.010404 0.097482 0.220581
477 0.010661 0.100798 0.219863
478 0.010918 0.104113 0.219145
479 0.011175 0.107429 0.218428
480 0.011432 0.110744 0.217710
481 0.011432 0.114295 0.214789
482 0.011432 0.117846 0.211869
483 0.011432 0.121398 0.208948
484 0.011432 0.124949 0.206027
485 0.011432 0.128500 0.203106
486 0.011432 0.132051 0.200186
487 0.011432 0.135602 0.197265
488 0.011432 0.139154 0.194344
489 0.011432 0.142705 0.191424
490 0.011432 0.146256 0.188503
491 0.011504 0.150653 0.184144
492 0.011576 0.155050 0.179784
493 0.011648 0.159446 0.175425
494 0.011720 0.163843 0.171066
495 0.011793 0.168240 0.166706
496 0.011865 0.172637 0.162347
497 0.011937 0.177033 0.157988
498 0.012009 0.181430 0.153628
499 0.012081 0.185827 0.149269
500 0.012154 0.190224 0.144909
501 0.012323 0.195245 0.140311
502 0.012493 0.200266 0.135713
503 0.012662 0.205287 0.131115
504 0.012832 0.210309 0.126516
505 0.013001 0.215330 0.121918
506 0.013171 0.220351 0.117320
507 0.013340 0.225372 0.112721
508 0.013510 0.230393 0.108123
509 0.013679 0.235414 0.103525
510 0.013849 0.240436 0.098927
511 0.014379 0.243813 0.094801
512 0.014908 0.247190 0.090676
513 0.015438 0.250567 0.086550
514 0.015968 0.253944 0.082425
515 0.016498 0.257321 0.078299
516 0.017028 0.260699 0.074174
517 0.017557 0.264076 0.070049
518 0.018087 0.267453 0.065923
519 0.018617 0.270830 0.061798
520 0.019147 0.274207 0.057672
521 0.019391 0.275217 0.054819
522 0.019636 0.276227 0.051967
523 0.019881 0.277237 0.049114
524 0.020125 0.278247 0.046261
525 0.020370 0.279256 0.043408
526 0.020614 0.280266 0.040555
527 0.020859 0.281276 0.037702
528 0.021104 0.282286 0.034849
529 0.021348 0.283296 0.031996
530 0.021593 0.284306 0.029144
531 0.021666 0.283555 0.027993
532 0.021740 0.282804 0.026843
533 0.021813 0.282054 0.025692
534 0.021887 0.281303 0.024542
535 0.021960 0.280552 0.023391
536 0.022034 0.279802 0.022241
537 0.022107 0.279051 0.021091
538 0.022180 0.278300 0.019940
539 0.022254 0.277550 0.018790
540 0.022327 0.276799 0.017639
541 0.022659 0.274714 0.016940
542 0.022992 0.272629 0.016240
543 0.023324 0.270543 0.015540
544 0.023656 0.268458 0.014840
545 0.023988 0.266373 0.014141
546 0.024320 0.264288 0.013441
547 0.024652 0.262203 0.012741
548 0.024984 0.260117 0.012041
549 0.025317 0.258032 0.011342
550 0.025649 0.255947 0.010642
551 0.026888 0.252820 0.010483
552 0.028128 0.249692 0.010324
553 0.029368 0.246565 0.010164
554 0.030607 0.243437 0.010005
555 0.031847 0.240310 0.009846
556 0.033086 0.237182 0.009687
557 0.034326 0.234055 0.009528
558 0.035566 0.230928 0.009368
559 0.036805 0.227800 0.009209
560 0.038045 0.224673 0.009050
561 0.042084 0.220369 0.009121
562 0.046123 0.216065 0.009193
563 0.050162 0.211761 0.009264
564 0.054201 0.207457 0.009336
565 0.058240 0.203153 0.009407
566 0.062278 0.198850 0.009479
567 0.066317 0.194546 0.009550
568 0.070356 0.190242 0.009622
569 0.074395 0.185938 0.009693
570 0.078434 0.181634 0.009765
571 0.084060 0.176960 0.009764
572 0.089687 0.172285 0.009764
573 0.095313 0.167611 0.009764
574 0.100939 0.162936 0.009763
575 0.106565 0.158262 0.009763
576 0.112191 0.153587 0.009762
577 0.117817 0.148913 0.009762
578 0.123444 0.144238 0.009762
579 0.129070 0.139564 0.009761
580 0.134696 0.134889 0.009761
581 0.137706 0.130497 0.009563
582 0.140716 0.126104 0.009366
583 0.143726 0.121712 0.009168
584 0.146736 0.117319 0.008971
585 0.149746 0.112927 0.008773
586 0.152756 0.108534 0.008575
587 0.155766 0.104142 0.008378
588 0.158776 0.099749 0.008180
589 0.161786 0.095357 0.007982
590 0.164796 0.090964 0.007785
591 0.164231 0.087361 0.007661
592 0.163666 0.083757 0.007536
593 0.163101 0.080153 0.007412
594 0.162536 0.076549 0.007288
595 0.161971 0.072946 0.007164
596 0.161407 0.069342 0.007040
597 0.160842 0.065738 0.006916
598 0.160277 0.062135 0.006792
599 0.159712 0.058531 0.006668
600 0.159147 0.054927 0.006543
601 0.157647 0.052439 0.006270
602 0.156148 0.049950 0.005997
603 0.154649 0.047461 0.005724
604 0.153150 0.044973 0.005450
605 0.151650 0.042484 0.005177
606 0.150151 0.039996 0.004904
607 0.148652 0.037507 0.004630
608 0.147153 0.035019 0.004357
609 0.145653 0.032530 0.004084
610 0.144154 0.030042 0.003810
611 0.142068 0.028789 0.003684
612 0.139982 0.027536 0.003558
613 0.137896 0.026283 0.003431
614 0.135810 0.025030 0.003305
615 0.133724 0.023778 0.003178
616 0.131638 0.022525 0.003052
617 0.129552 0.021272 0.002926
618 0.127466 0.020019 0.002799
619 0.125381 0.018767 0.002673
620 0.123295 0.017514 0.002546
621 0.121325 0.016825 0.002403
622 0.119356 0.016135 0.002259
623 0.117387 0.015446 0.002116
624 0.115418 0.014757 0.001973
625 0.113449 0.014067 0.001829
626 0.111479 0.013378 0.001686
627 0.109510 0.012689 0.001542
628 0.107541 0.012000 0.001399
629 0.105572 0.011310 0.001255
630 0.103603 0.010621 0.001112
631 0.101687 0.010065 0.001033
632 0.099772 0.009509 0.000953
633 0.097856 0.008953 0.000874
634 0.095941 0.008397 0.000795
635 0.094025 0.007841 0.000716
636 0.092110 0.007285 0.000636
637 0.090195 0.006729 0.000557
638 0.088279 0.006173 0.000478
639 0.086364 0.005617 0.000398
640 0.084448 0.005061 0.000319
641 0.082659 0.004743 0.000287
642 0.080870 0.004425 0.000255
643 0.079081 0.004107 0.000223
644 0.077292 0.003789 0.000191
645 0.075503 0.003472 0.000160
646 0.073714 0.003154 0.000128
647 0.071925 0.002836 0.000096
648 0.070136 0.002518 0.000064
649 0.068347 0.002200 0.000032
650 0.066558 0.001882 0.000000
651 0.064910 0.001884 0.000000
652 0.063262 0.001886 0.000000
653 0.061615 0.001889 0.000000
654 0.059967 0.001891 0.000000
655 0.058320 0.001893 0.000000
656 0.056672 0.001895 0.000000
657 0.055024 0.001897 0.000000
658 0.053377 0.001899 0.000000
659 0.051729 0.001901 0.000000
660 0.050082 0.001903 0.000000
661 0.048366 0.001793 0.000000
662 0.046651 0.001682 0.000000
663 0.044935 0.001571 0.000000
664 0.043220 0.001460 0.000000
665 0.041505 0.001350 0.000000
666 0.039789 0.001239 0.000000
667 0.038074 0.001128 0.000000
668 0.036359 0.001017 0.000000
669 0.034643 0.000907 0.000000
670 0.032928 0.000796 0.000000
671 0.031548 0.000780 0.000000
672 0.030168 0.000764 0.000000
673 0.028788 0.000748 0.000000
674 0.027408 0.000732 0.000000
675 0.026028 0.000716 0.000000
676 0.024647 0.000701 0.000000
677 0.023267 0.000685 0.000000
678 0.021887 0.000669 0.000000
679 0.020507 0.000653 0.000000
680 0.019127 0.000637 0.000000
681 0.017949 0.000662 0.000000
682 0.016771 0.000686 0.000000
683 0.015592 0.000711 0.000000
684 0.014414 0.000735 0.000000
685 0.013236 0.000760 0.000000
686 0.012058 0.000785 0.000000
687 0.010879 0.000809 0.000000
688 0.009701 0.000834 0.000000
689 0.008523 0.000858 0.000000
690 0.007345 0.000883 0.000000
691 0.006992 0.000864 0.000000
692 0.006639 0.000845 0.000000
693 0.006286 0.000825 0.000000
694 0.005933 0.000806 0.000000
695 0.005580 0.000787 0.000000
696 0.005228 0.000768 0.000000
697 0.004875 0.000749 0.000000
698 0.004522 0.000729 0.000000
699 0.004169 0.000710 0.000000
700 0.003816 0.000691 0.000000
