380 0.00001353267233246235 0.00000245662353463446 0.00000624357333235631
381 0.00029834444837654984 0.00014797142425650463 0.00032825665229175026
382 0.0005966888967530997 0.00029594284851300925 0.0006565133045835005
383 0.0008950333451296495 0.0004439142727695139 0.0009847699568752508
384 0.0011693351533822074 0.0005918856970260185 0.001313026609167001
385 0.0011868765877821328 0.0007398571212825231 0.0016412832614587512
386 0.0012044180221820581 0.0008878285455390278 0.0019695399137505017
387 0.0012200314997373625 0.0010357999697955323 0.0022977965660422517
388 0.001210989908417312 0.001183771394052037 0.002626053218334002
389 0.0012019483170972619 0.0013317428183085417 0.0029543098706257525
390 0.001192906725777207 0.0014797142425650462 0.0032825665229175025
391 0.001183865134457083 0.001627685666821551 0.003610823175209253
392 0.001174823543136959 0.0017756570910780556 0.003939079827501003
393 0.0011657819518168383 0.00192362851533456 0.004267336479792753
394 0.001156740360496788 0.0020715999395910646 0.004595593132084503
395 0.0011476987691767377 0.0022195713638475693 0.004923849784376254
396 0.0011386571778566874 0.002367542788104074 0.005252106436668004
397 0.001129615586536637 0.0025155142123605787 0.005580363088959754
398 0.0011205739952165868 0.0026634856366170834 0.005908619741251505
399 0.0011120679251455184 0.0028114570608735877 0.006236876393543255
400 0.0011296093595452965 0.0029594284851300924 0.006565133045835005
401 0.0011471507939450744 0.003107399909386597 0.006893389698126756
402 0.0011723092017157945 0.003255371333643102 0.007221646350418506
403 0.0022702607528771904 0.0034033427578996065 0.007549903002710256
404 0.003368212304038586 0.0035513141821561112 0.007878159655002007
405 0.0044661638551999824 0.0036992856064126155 0.008206416307293756
406 0.008024237556097175 0.00384725703066912 0.02116282044758145
407 0.011597273342153842 0.003995228454925625 0.038621955419726614
408 0.015170309128210512 0.004501491950314447 0.05763382143609507
409 0.020328973787261263 0.006139736323044417 0.08055803517806512
410 0.025731453212752643 0.007777980695774388 0.10769024529492978
411 0.031827224424992626 0.010112188277218652 0.13571353615184722
412 0.03881495823878058 0.01263193675658738 0.16829916937053618
413 0.04580269205256854 0.015151685235956107 0.19277441534886308
414 0.05149195657529254 0.017671433715324834 0.2304585467343324
415 0.055895697253486656 0.02019118219469356 0.25328269069979836
416 0.06029943793168077 0.022710930674062286 0.28278787584177434
417 0.0633371293875579 0.025230679153431013 0.30391612564032006
418 0.06494965236515565 0.025605380056176033 0.3173326045356363
419 0.06656217534275342 0.025846978421644184 0.3351118125766511
420 0.06747829471714896 0.026957423187298 0.3554918552762058
421 0.06762875128014864 0.02902312346050282 0.3747592743825899
422 0.06777920784314834 0.031088823733707645 0.3818981130404158
423 0.06785578175737399 0.03315452400691247 0.3919765745007678
424 0.06784674016605394 0.03522022428011729 0.41383103040113534
425 0.06783769857473389 0.037285924553322115 0.4278139643975186
426 0.06775686298803321 0.03935162482652694 0.44179689839390185
427 0.06758832324239335 0.04081174664453535 0.4502787426266394
428 0.06741978349675348 0.0422062888112294 0.45973810056212455
429 0.06712345062413717 0.04413354990507634 0.4715996458131364
430 0.06666249759557771 0.04627740110925195 0.4824509010734087
431 0.06620154456701827 0.04842125231342756 0.49220026990918375
432 0.06533896987382765 0.05056510351760317 0.5019496387449588
433 0.0639306484429434 0.05270895472177878 0.5109487209099294
434 0.06252232701205913 0.05485280592595438 0.5184124632154438
435 0.06167401025025124 0.05694534710948114 0.5303080460440605
436 0.06162876510961723 0.05871445676715298 0.5431145598914595
437 0.06158351996898321 0.06057018909662808 0.5547443364689792
438 0.061394076106528084 0.06273394064922458 0.566374113046499
439 0.06098628912940858 0.06489769220182107 0.5766010148700145
440 0.060578502152289083 0.06706144375441757 0.5854009541907655
441 0.06002756347553841 0.06922519530701407 0.599099347569539
442 0.05924761413833932 0.07138894685961056 0.6118463674705831
443 0.05846766480114023 0.07355269841220706 0.6222525553563452
444 0.057687715463941164 0.07578146189848639 0.6326587432421074
445 0.05690776612674211 0.07804593358186636 0.6418223859943768
446 0.05612781678954306 0.08048346970845928 0.6477246795930589
447 0.05528116512711316 0.08312903218120943 0.6536269731917411
448 0.05431513460987435 0.08577459465395958 0.6595292667904233
449 0.053349104092635546 0.08842015712670973 0.6636490667378493
450 0.05241979675421873 0.09106571959945987 0.6674503072486149
451 0.051560098339859785 0.09371128207221002 0.6719131722426344
452 0.05070039992550085 0.09643213602954803 0.676376037236654
453 0.049884864940174856 0.09956653722961374 0.6808389022306734
454 0.04915808165441575 0.10270093842967945 0.6851661823272683
455 0.04843129836865665 0.1082515495030804 0.6890559845082097
456 0.047882691197958814 0.11389583138153948 0.6929453807329381
457 0.04771415145231894 0.11954011325999858 0.6968329550031525
458 0.04754561170667908 0.12518439513845767 0.7007205292733668
459 0.047344526089004135 0.13082867701691675 0.7046081035435813
460 0.04706965424048444 0.13689248608113405 0.705219355511883
461 0.04679478239196474 0.14314498758806582 0.7047859848709127
462 0.04657442905721407 0.15259380605984602 0.7043526142299423
463 0.04648563838873409 0.16211527146738752 0.703919243588972
464 0.04639684772025411 0.171636736874929 0.7034858729480017
465 0.046367579053461755 0.18061864635976493 0.7029231329953561
466 0.04649145259074148 0.18821235012435478 0.702256161517467
467 0.046615326128021196 0.19912505311732326 0.7020670869409419
468 0.04684558178498161 0.2110105310030978 0.7027185860690742
469 0.04736820070806085 0.2228960088888723 0.7033700851972065
470 0.04789081963114009 0.23310313125862794 0.7040215843253388
471 0.048467390813524414 0.2422134113292103 0.704673083453471
472 0.049202673942363315 0.25643758628400243 0.7042931241040161
473 0.049937957071202216 0.2706617612387946 0.7038918773951293
474 0.05064765650598423 0.2826585405033237 0.7034906306862424
475 0.05127660753194338 0.29098327747521247 0.7030893839773555
476 0.05190555855790253 0.29827331278315694 0.7024639570554082
477 0.052365170774632736 0.3054101207931849 0.6975117385385424
478 0.052249797080432814 0.31254692880321294 0.6919556701815066
479 0.0521344233862329 0.31968373681324097 0.6824231293170595
480 0.05193355410628682 0.3246828004126899 0.6728905884526124
481 0.05141943502628738 0.32744193789967546 0.6623267789640847
482 0.050905315946287936 0.33040974160512715 0.6515108231865557
483 0.050359087285383505 0.3336497364906917 0.6406948674090268
484 0.04968547005106436 0.3368897313762562 0.632910716274334
485 0.04901185281674521 0.34012972626182075 0.6227078127936897
486 0.04839827743744915 0.3433697211473853 0.608849753219649
487 0.04804365651176949 0.34660971603294977 0.5970579671529357
488 0.04768903558608983 0.35048048079591543 0.5858580255465465
489 0.04737165769256764 0.3560497849095233 0.5747690851708183
490 0.04722970097264775 0.3646668222209255 0.5664774373407999
491 0.04708774425272786 0.3764517830406964 0.5553773215084318
492 0.046967323883411835 0.3882367438604672 0.542885017624853
493 0.04695828229209175 0.3993895200178882 0.5300915444441011
494 0.04694924070077166 0.40806515292928086 0.5171982985381438
495 0.046940199109451575 0.4224990585051448 0.5056857535446462
496 0.04693115751813149 0.4380813307072745 0.49551489540056315
497 0.0469221159268114 0.4546456945530741 0.4756960142616096
498 0.04694918485872089 0.47172390034384737 0.4596100449162923
499 0.04720597352460052 0.48711764720440603 0.4466190305102285
500 0.04746276219048016 0.5026929127978322 0.43334243771348196
501 0.047748917347176206 0.5210194939327908 0.41709210827027354
502 0.04824495324453544 0.5393460750677495 0.39976330404348703
503 0.04874098914189467 0.5506902558219413 0.3885419758273096
504 0.04931572557143265 0.5704291863785524 0.37732064761113215
505 0.05052950316323093 0.5915388818869822 0.3673636815863235
506 0.05174328075502921 0.6126485773954119 0.3591183325261009
507 0.05300582613372587 0.6264611681476719 0.34631837719016173
508 0.05472468121420354 0.6507733331388895 0.3333065164271781
509 0.05644353629468121 0.6728768634103972 0.3215034724247669
510 0.058200107859523335 0.6895287813187978 0.30970042842235573
511 0.060370874377240334 0.7154308056306317 0.30006077958609595
512 0.06254164089495733 0.7327246057671737 0.29011485236781276
513 0.06471988944398797 0.7470278536077554 0.2733407825557682
514 0.06699698806458484 0.7649125391275329 0.25861506287556524
515 0.0692740866851817 0.781475462241518 0.2449469627241122
516 0.07155118530577857 0.7907178199440926 0.23258982255394772
517 0.07382828392637544 0.800446662734039 0.2223567604529225
518 0.07610538254697231 0.8103100505517669 0.20733717033839555
519 0.07838248116756918 0.8201734383694946 0.19442730324634208
520 0.08065957978816615 0.8300368261872224 0.18404394692187398
521 0.08293667840876313 0.8363144099220046 0.17366059059740588
522 0.0851989057689898 0.8434059536246287 0.16422539063166522
523 0.08699750992662725 0.8527959104128676 0.15695077410249555
524 0.0887961140842647 0.8621858672011065 0.14967615757332592
525 0.09057846378598779 0.8715758239893454 0.14240154104415628
526 0.09147324506914654 0.8792435326005148 0.13656535514902884
527 0.0923680263523053 0.88497029002031 0.13235026178285617
528 0.09325591957876915 0.891000731530864 0.1281351684166835
529 0.09274180049876977 0.8971678129151492 0.12392007505051082
530 0.09222768141877041 0.9033348942994344 0.11980687408413
531 0.09171356233877104 0.9095019756837196 0.11675673435044592
532 0.09003938853195502 0.91503031612205 0.11370659461676186
533 0.08835561632027712 0.9174409944468895 0.11071662662257445
534 0.08667184410859922 0.9198516727717291 0.10773363364274602
535 0.08410350167421698 0.9152551240103305 0.10475064066291759
536 0.08151590658806039 0.9105060631028834 0.10176764768308916
537 0.0789283115019038 0.9057570021954364 0.09878465470326073
538 0.07621237310396156 0.9010079412879894 0.0958016617234323
539 0.07349186288920502 0.8962588803805424 0.09281866874360387
540 0.07077135267444848 0.8909778240678609 0.08983567576377544
541 0.06835468910119037 0.8851655034770591 0.08685268278394699
542 0.0659531751950735 0.8767635880671814 0.08390182624998987
543 0.06355166128895663 0.8673540009360752 0.08183481541751587
544 0.06235881369950924 0.8579444138049691 0.07976780458504186
545 0.061243918238238666 0.8486159053278285 0.07770079375256785
546 0.060129022776968084 0.8428935580548481 0.07563378292009383
547 0.05911754952547103 0.8369610440115016 0.07356677208761982
548 0.058114302772224236 0.8303685262218773 0.07149976125514582
549 0.05711105601897744 0.8237760084322528 0.0694327504226718
550 0.05757409336212339 0.8171834906426285 0.06736573959019779
551 0.05817646136236248 0.8105909728530042 0.06529872875772377
552 0.05877882936260158 0.8043580308693621 0.06323171792524976
553 0.0595247660700161 0.7985682036080157 0.06116470709277575
554 0.060286632224575046 0.788876391886549 0.05909769626030174
555 0.061048498379133995 0.7772408763274771 0.05610984147446128
556 0.06324874508047561 0.7656053607684052 0.05310577898535856
557 0.06563217580395234 0.7550585594946427 0.050101716496255826
558 0.06801560652742908 0.7461846672111063 0.0470976540071531
559 0.07114245805297757 0.728254868709427 0.044598150974189746
560 0.07437654559949321 0.7103250702077478 0.04268370670061929
561 0.07761063314600883 0.6979713980778555 0.04076926242704883
562 0.08203467783314777 0.6835423753413171 0.03885481815347837
563 0.08665108271710155 0.6634069452199017 0.03706787959129826
564 0.09126748760105532 0.6472543589142932 0.03574011142994856
565 0.09800669445012651 0.6355365881210245 0.03441234326859886
566 0.10512715040157028 0.6153398904546165 0.033125035445306227
567 0.1131625305032174 0.5962152406445996 0.03184277768460702
568 0.12400933204028823 0.5858928289795119 0.03056051992390782
569 0.13583820723176074 0.5688357748162565 0.029278262163208616
570 0.14967818362316143 0.5508248869167929 0.028240526418353864
571 0.1672493956068879 0.5372202314980709 0.027441178656980793
572 0.19082018008646112 0.5254318869345675 0.02664183089560772
573 0.2212210801021096 0.5096786985839445 0.02584248313423465
574 0.2512472145479765 0.49392551023332154 0.02504313537286158
575 0.2926310878832938 0.4822616833131333 0.024263384295029635
576 0.3389110148619122 0.46993040958822846 0.023508688832264507
577 0.3894275591064993 0.45509261803010514 0.022767150550205825
578 0.4392979751830582 0.4401431572756962 0.022065608764023834
579 0.4922050251189413 0.4222777979350174 0.021364066977841847
580 0.5424778750987193 0.40051203844134653 0.02066252519165986
581 0.5855012790122459 0.3786007035984729 0.019954539390394155
582 0.6270702772452861 0.3591160129713266 0.019228521043931513
583 0.6558451187289472 0.34049152734532073 0.018502502697468868
584 0.6807025219234264 0.32253220459273924 0.017776484351006223
585 0.7004586420113162 0.30476346306255214 0.017050466004543578
586 0.7122595170371685 0.284428587528713 0.016324447658080932
587 0.7216442521596409 0.2651525079883591 0.015458795245519213
588 0.7269249526226398 0.24690045703107533 0.014521341480929303
589 0.7290425530889169 0.22624567760384967 0.013458148844866917
590 0.731160153555194 0.21041243123385467 0.012252634050059243
591 0.7311954143954217 0.1976027416849708 0.01104711925525157
592 0.7295382252094638 0.18062599388317835 0.009841604460443895
593 0.7278810360235058 0.16364924608138592 0.008636089665636221
594 0.7246920075884122 0.15304129456328622 0.007857432479424388
595 0.7201904346504181 0.1425000873583706 0.007269902344160891
596 0.7156888617124241 0.13019358396449787 0.006682372208897393
597 0.7101257096962207 0.11788708057062514 0.006094842073633895
598 0.7036038268035092 0.10718791764698256 0.005507311938370396
599 0.6970819439107978 0.10037052011835078 0.0049197818031068985
600 0.6906962613867563 0.09354362913979071 0.003982903610709338
601 0.6844402087512446 0.086711610947013 0.0027135303586688355
602 0.6781841561157328 0.0798795927542353 0.0014441571066283335
603 0.6715816363080013 0.07304757456145758 0.0007218830919587623
604 0.6646316267905366 0.06659979777946268 0.0005483229827689658
605 0.657681617273072 0.06273090085360382 0.0003747628735791693
606 0.6480819703817278 0.058889497367024174 0.000242414962198286
607 0.63817822027409 0.05538576044325016 0.00015362429371838215
608 0.6268427912673378 0.05188202351947615 0.0000648336252385
609 0.6151609014369329 0.04837828659570213 0.00013952718897208513
610 0.6022856753971499 0.044874549671928124 0.00039631585485157094
611 0.5890854912067657 0.041370812748154115 0.0006531045207310567
612 0.5756278315736263 0.038593691234985086 0.0008965634863649201
613 0.5622165145151571 0.03666962932023075 0.0011243731434752396
614 0.5488328710897109 0.03478504219535523 0.0013521828005855592
615 0.5354897837972565 0.03316076532695537 0.0013396749012402629
616 0.521988960508663 0.031536488458555514 0.001029720183920752
617 0.5087491024696013 0.029912211590155658 0.0007197654666012409
618 0.49583611910071723 0.0282879347217558 0.0005450695657670158
619 0.4863011524850542 0.02666365785335595 0.0005469238005761048
620 0.4756546321315378 0.02503938098495609 0.0005487780353851937
621 0.4615349090840908 0.023897795548673127 0.0005460484798988014
622 0.44949732958574545 0.023420892704681763 0.0005370068885787511
623 0.4388539926849818 0.02290857948911014 0.0005279652972587008
624 0.4287922397273674 0.022277282431737103 0.0006557813820667007
625 0.41900227220328695 0.02164598537436407 0.000982506795457546
626 0.40951743139409 0.021014688316991038 0.0013092322088483913
627 0.4001267969757659 0.020383391259618005 0.0023410888652136167
628 0.39125930591203406 0.019752094202244972 0.004455210148279393
629 0.382605796644403 0.019120797144871936 0.006569331431345171
630 0.3739262350765133 0.01854838709677385 0.007764163231376118
631 0.3652224672758804 0.018071484252782436 0.007468024962280433
632 0.356452956533522 0.017566570346761984 0.007171886693184748
633 0.3475481546008814 0.01694229120817903 0.0014378522855747334
634 0.33854418244431217 0.01631801206959608 0.0010709339417124216
635 0.32890847784601734 0.015693732931013123 0.0007040155978501096
636 0.3192122010094356 0.01506945379243017 0.0006980389886386965
637 0.30883143930149765 0.014445174653847218 0.0013472381589112745
638 0.2984291628918966 0.013820895515264265 0.0019964373291838523
639 0.28791711358754585 0.013164210046159353 0.002189109777347657
640 0.27740506428319495 0.012445209170343748 0.001503909047515203
641 0.2668930149788435 0.011757627863021338 0.0008187083176827495
642 0.2564025642048218 0.01124700797722386 0.0005527328040726794
643 0.24595615869867699 0.010736388091426382 0.0006110859277224379
644 0.23589072278564285 0.010225768205628904 0.0006694390513721964
645 0.2263698948342092 0.009715148319831425 0.0007161533010236898
646 0.21710397358208244 0.009204528434033948 0.0007376665072839128
647 0.20829673233115167 0.00869390854823647 0.0007591797135441357
648 0.19950850645346088 0.008183288662438993 0.0008013033692552571
649 0.19135882346728025 0.007782162065307809 0.0008908747203337703
650 0.18320914048109962 0.007499139834912101 0.0009804460714122835
651 0.1752385225322026 0.007216117604516394 0.001096760238761446
652 0.16740652311265036 0.006880320844871059 0.0012786307125825444
653 0.15965469767970783 0.00648452951841402 0.0014605011864036429
654 0.15263748440774752 0.0060887381919569805 0.001658609257068691
655 0.1456202711357872 0.005692946865499942 0.0018991743125382444
656 0.13904836849614816 0.005297155539042902 0.0021397393680077977
657 0.13327081032359575 0.005011177262959954 0.0024195224272747923
658 0.12749325215104337 0.005032054015907065 0.0028088939339327725
659 0.12191811779667633 0.005052930768854175 0.0031982654405907527
660 0.11672538618996309 0.005073807521801287 0.0034392210973153937
661 0.11153265458324983 0.005094684274748398 0.0027132035142049798
662 0.10642845271399541 0.0051155610276955085 0.001987185931094566
663 0.10150155136448187 0.00513643778064262 0.001426340440740955
664 0.09657465001496834 0.005157314533589731 0.0013961941674275784
665 0.0918008362327003 0.00512885131375012 0.001366047894114202
666 0.08735242934614611 0.0050666436709901185 0.0012810182504674487
667 0.08290402245959191 0.005004436028230116 0.001006146401947715
668 0.07856165340036254 0.004966567692830643 0.000731274553427981
669 0.0744588258481679 0.004946269565102259 0.0005621317575494916
670 0.07035599829597325 0.004925971437373874 0.0007879425504629237
671 0.06637030044951593 0.0047266305766595785 0.001013753343376356
672 0.06266621828312084 0.004390929432044146 0.001178120072358225
673 0.058962136116725745 0.004055228287428714 0.001093724251124473
674 0.055384883098884785 0.0036668012577838133 0.0010093284298907208
675 0.052132712369728954 0.0032360245466968125 0.0009299967311067955
676 0.048880541640573115 0.0028052478356098117 0.0008729775806609415
677 0.045749282208690026 0.0027777609890517335 0.0008159584302150874
678 0.04294902291677366 0.0030917856592744776 0.0008068477298962905
679 0.0401487636248573 0.003405810329497222 0.001028553526976073
680 0.037463497778932216 0.0032841607781489562 0.0012502593240558554
681 0.03511514992425526 0.0027736349899021018 0.0013683131958943091
682 0.032766802069578306 0.0022631092016552473 0.0009372545438204483
683 0.030508281175250604 0.0020520828763522098 0.0005061958917465875
684 0.028532095680653125 0.002122790362192087 0.00015690132855715114
685 0.026555910186055645 0.0021934978480319636 0.000287046854631625
686 0.02467681433233193 0.0021250557920406356 0.0004171923807060989
687 0.023125957249253915 0.0019186764842724208 0.0006088269971490551
688 0.0215751001661759 0.001712297176504206 0.0012026951543083503
689 0.020092883006966298 0.0015336784324963353 0.0017965633114676454
690 0.01886102223252788 0.0013840584679206595 0.0022751212897757092
691 0.017629161458089463 0.0012344385033449836 0.0019040805782029706
692 0.016389780044991514 0.0009757254626761511 0.0015330398666302315
693 0.015120703034545034 0.0005969170391114988 0.0011619991550574928
694 0.013851626024098555 0.00021810861554684663 0.00104920950228704
695 0.012712162430785491 0.00015238759986100823 0.0009598644858194475
696 0.012128927483914247 0.00044993690517777053 0.000999018993957006
697 0.011545692537043 0.0007474862104945328 0.0013921852010555724
698 0.010832474048712269 0.0008709396311905352 0.0017853514081541389
699 0.009510230986826022 0.0007814431375450209 0.002178517615252705
700 0.008187987924939775 0.0006919466438995066 0.0025716838223512717
701 0.006973068302943133 0.0006491948741332886 0.002964850029449838
702 0.006310084278911886 0.0006667363085332877 0.0032185396013107836
703 0.0056471002548806395 0.0006842777429332868 0.0028422027367370683
704 0.004910894366284115 0.0006240236960935136 0.002465865872163353
705 0.0037587826690055506 0.00045791916998994344 0.002095010950666021
706 0.0026066709717269864 0.0002918146438863732 0.0018201391021462872
707 0.001578024843364847 0.00024185980280272447 0.0015452672536265533
708 0.001329736020565089 0.00035868734056773043 0.0012714835216131024
709 0.0010814471977653307 0.0004755148783327364 0.0010231946988133443
710 0.0008298751436022233 0.0004789299506062642 0.000774905876013586
711 0.0005550032950824156 0.00031039020496643316 0.0005288370760359496
712 0.00028013144656260816 0.0001418504593266022 0.0003602973303961186
713 0.0000486733018883 0.00012379495747333753 0.00019175758475628758
714 0.00016699377154633766 0.00034680360431652653 0.0000291113958827
715 0.0002853142412043325 0.0005698122511597156 0.0002603396711986565
716 0.00040852196296012317 0.0007331257776710382 0.0004915679465146521
717 0.0005770617085999541 0.0007953334204311136 0.0007225177967413217
718 0.0007456014542397851 0.0008575410631911891 0.0007847254395013235
719 0.0009007077718799433 0.0009102282389156146 0.0008469330822613253
720 0.0009097493631999936 0.000945852855955567 0.0009091407250213271
721 0.0009187909545200439 0.0009814774729955194 0.0009713483677813289
722 0.0009448497077494264 0.0010996533132656653 0.0010335560105413305
723 0.0011931385305491847 0.001374525161785399 0.0010957636533013323
724 0.0014414273533489429 0.001649397010305133 0.001339485480183257
725 0.0016789173680671393 0.0019154446095871122 0.0015877743029830151
726 0.001741125010827141 0.002163733432386944 0.0018360631257827733
727 0.001803332653587143 0.002412022255186776 0.001854109549087362
728 0.0018631511404073725 0.002600978095614517 0.0018631511404074122
729 0.0018721927317274227 0.002663185738374519 0.0018721927317274626
730 0.0018812343230474732 0.0027253933811345206 0.0018812343230475129
731 0.0018902759143675258 0.0027713449610146 0.0018902759143675633
732 0.0018993175056876497 0.0027803865523346504 0.0018993175056876135
733 0.0019083590970077739 0.002789428143654701 0.0019083590970077329
734 0.0019174006883278965 0.0027984697349747512 0.001917400688327857
735 0.0019264422796479467 0.0028075113262948015 0.001926442279647981
736 0.0019354838709679972 0.0028165529176148517 0.001935483870968037
737 0.00194272244701014 0.0028255945089349227 0.0019445254622880873
738 0.0016327677296906291 0.0028346361002550466 0.0019535670536081377
739 0.001322813012371118 0.002843677691575171 0.001527187686659358
740 0.001012858295051607 0.002147800472475686 0.0010577348150200665
741 0.001336147611993294 0.0021154767835064323 0.0005882819433807747
742 0.0016641855119529795 0.0020831530945371788 0.0009771390679184238
743 0.001992223411912665 0.0020508294055679257 0.001464675122197816
744 0.002007816601528622 0.002018505716598672 0.0019522111764772084
745 0.002016858192848672 0.0019861820276294187 0.002016858192848555
746 0.0020258997841687224 0.001953858338660165 0.002025899784168679
747 0.002034941375488773 0.001921534649690912 0.002034941375488803
748 0.0020439829668088233 0.0018892109607216586 0.002043982966808863
749 0.0020530245581288735 0.001856887271752405 0.0020530245581289134
750 0.0020620661494489237 0.0018245635827831516 0.0020620661494489636
